step,eventType,phaseBefore,phaseAfter,x,y,vx,vy
9,corner.diag,0,1,9.999999999990479,9.999999999990479,-1,-1
19,corner.diag,1,2,0,0,1,1
29,corner.diag,2,3,9.999999999990479,9.999999999990479,-1,-1
39,corner.diag,3,4,0,0,1,1
49,corner.diag,4,5,9.999999999990479,9.999999999990479,-1,-1
59,corner.diag,5,6,0,0,1,1
69,corner.diag,6,7,9.999999999990479,9.999999999990479,-1,-1
79,corner.diag,7,8,0,0,1,1
89,corner.diag,8,9,9.999999999990479,9.999999999990479,-1,-1
99,corner.diag,9,10,0,0,1,1
109,corner.diag,10,11,9.999999999990479,9.999999999990479,-1,-1
119,corner.diag,11,12,0,0,1,1
129,corner.diag,12,13,9.999999999990479,9.999999999990479,-1,-1
139,corner.diag,13,14,0,0,1,1
149,corner.diag,14,15,9.999999999990479,9.999999999990479,-1,-1
159,corner.diag,15,16,0,0,1,1
169,corner.diag,16,17,9.999999999990479,9.999999999990479,-1,-1
179,corner.diag,17,18,0,0,1,1
189,corner.diag,18,19,9.999999999990479,9.999999999990479,-1,-1
199,corner.diag,19,20,0,0,1,1
209,corner.diag,20,21,9.999999999990479,9.999999999990479,-1,-1
219,corner.diag,21,22,0,0,1,1
229,corner.diag,22,23,9.999999999990479,9.999999999990479,-1,-1
239,corner.diag,23,24,0,0,1,1
249,corner.diag,24,25,9.999999999990479,9.999999999990479,-1,-1
259,corner.diag,25,26,0,0,1,1
269,corner.diag,26,27,9.999999999990479,9.999999999990479,-1,-1
279,corner.diag,27,28,0,0,1,1
289,corner.diag,28,29,9.999999999990479,9.999999999990479,-1,-1
299,corner.diag,29,30,0,0,1,1
309,corner.diag,30,31,9.999999999990479,9.999999999990479,-1,-1
319,corner.diag,31,32,0,0,1,1
329,corner.diag,32,33,9.999999999990479,9.999999999990479,-1,-1
339,corner.diag,33,34,0,0,1,1
349,corner.diag,34,35,9.999999999990479,9.999999999990479,-1,-1
359,corner.diag,35,36,0,0,1,1
369,corner.diag,36,37,9.999999999990479,9.999999999990479,-1,-1
379,corner.diag,37,38,0,0,1,1
389,corner.diag,38,39,9.999999999990479,9.999999999990479,-1,-1
399,corner.diag,39,40,0,0,1,1
409,corner.diag,40,41,9.999999999990479,9.999999999990479,-1,-1
419,corner.diag,41,42,0,0,1,1
429,corner.diag,42,43,9.999999999990479,9.999999999990479,-1,-1
439,corner.diag,43,44,0,0,1,1
449,corner.diag,44,45,9.999999999990479,9.999999999990479,-1,-1
459,corner.diag,45,46,0,0,1,1
469,corner.diag,46,47,9.999999999990479,9.999999999990479,-1,-1
479,corner.diag,47,48,0,0,1,1
489,corner.diag,48,49,9.999999999990479,9.999999999990479,-1,-1
499,corner.diag,49,50,0,0,1,1
509,corner.diag,50,51,9.999999999990479,9.999999999990479,-1,-1
519,corner.diag,51,52,0,0,1,1
529,corner.diag,52,53,9.999999999990479,9.999999999990479,-1,-1
539,corner.diag,53,54,0,0,1,1
549,corner.diag,54,55,9.999999999990479,9.999999999990479,-1,-1
559,corner.diag,55,56,0,0,1,1
569,corner.diag,56,57,9.999999999990479,9.999999999990479,-1,-1
579,corner.diag,57,58,0,0,1,1
589,corner.diag,58,59,9.999999999990479,9.999999999990479,-1,-1
599,corner.diag,59,60,0,0,1,1
609,corner.diag,60,61,9.999999999990479,9.999999999990479,-1,-1
619,corner.diag,61,62,0,0,1,1
629,corner.diag,62,63,9.999999999990479,9.999999999990479,-1,-1
639,corner.diag,63,64,0,0,1,1
649,corner.diag,64,65,9.999999999990479,9.999999999990479,-1,-1
659,corner.diag,65,66,0,0,1,1
669,corner.diag,66,67,9.999999999990479,9.999999999990479,-1,-1
679,corner.diag,67,68,0,0,1,1
689,corner.diag,68,69,9.999999999990479,9.999999999990479,-1,-1
699,corner.diag,69,70,0,0,1,1
709,corner.diag,70,71,9.999999999990479,9.999999999990479,-1,-1
719,corner.diag,71,72,0,0,1,1
729,corner.diag,72,73,9.999999999990479,9.999999999990479,-1,-1
739,corner.diag,73,74,0,0,1,1
749,corner.diag,74,75,9.999999999990479,9.999999999990479,-1,-1
759,corner.diag,75,76,0,0,1,1
769,corner.diag,76,77,9.999999999990479,9.999999999990479,-1,-1
779,corner.diag,77,78,0,0,1,1
789,corner.diag,78,79,9.999999999990479,9.999999999990479,-1,-1
799,corner.diag,79,80,0,0,1,1
809,corner.diag,80,81,9.999999999990479,9.999999999990479,-1,-1
819,corner.diag,81,82,0,0,1,1
829,corner.diag,82,83,9.999999999990479,9.999999999990479,-1,-1
839,corner.diag,83,84,0,0,1,1
849,corner.diag,84,85,9.999999999990479,9.999999999990479,-1,-1
859,corner.diag,85,86,0,0,1,1
869,corner.diag,86,87,9.999999999990479,9.999999999990479,-1,-1
879,corner.diag,87,88,0,0,1,1
889,corner.diag,88,89,9.999999999990479,9.999999999990479,-1,-1
899,corner.diag,89,90,0,0,1,1
909,corner.diag,90,91,9.999999999990479,9.999999999990479,-1,-1
919,corner.diag,91,92,0,0,1,1
929,corner.diag,92,93,9.999999999990479,9.999999999990479,-1,-1
939,corner.diag,93,94,0,0,1,1
949,corner.diag,94,95,9.999999999990479,9.999999999990479,-1,-1
959,corner.diag,95,96,0,0,1,1
969,corner.diag,96,97,9.999999999990479,9.999999999990479,-1,-1
979,corner.diag,97,98,0,0,1,1
989,corner.diag,98,99,9.999999999990479,9.999999999990479,-1,-1
999,corner.diag,99,100,0,0,1,1
1009,corner.diag,100,101,9.999999999990479,9.999999999990479,-1,-1
1019,corner.diag,101,102,0,0,1,1
1029,corner.diag,102,103,9.999999999990479,9.999999999990479,-1,-1
1039,corner.diag,103,104,0,0,1,1
1049,corner.diag,104,105,9.999999999990479,9.999999999990479,-1,-1
1059,corner.diag,105,106,0,0,1,1
1069,corner.diag,106,107,9.999999999990479,9.999999999990479,-1,-1
1079,corner.diag,107,108,0,0,1,1
1089,corner.diag,108,109,9.999999999990479,9.999999999990479,-1,-1
1099,corner.diag,109,110,0,0,1,1
1109,corner.diag,110,111,9.999999999990479,9.999999999990479,-1,-1
1119,corner.diag,111,112,0,0,1,1
1129,corner.diag,112,113,9.999999999990479,9.999999999990479,-1,-1
1139,corner.diag,113,114,0,0,1,1
1149,corner.diag,114,115,9.999999999990479,9.999999999990479,-1,-1
1159,corner.diag,115,116,0,0,1,1
1169,corner.diag,116,117,9.999999999990479,9.999999999990479,-1,-1
1179,corner.diag,117,118,0,0,1,1
1189,corner.diag,118,119,9.999999999990479,9.999999999990479,-1,-1
1199,corner.diag,119,120,0,0,1,1
1209,corner.diag,120,121,9.999999999990479,9.999999999990479,-1,-1
1219,corner.diag,121,122,0,0,1,1
1229,corner.diag,122,123,9.999999999990479,9.999999999990479,-1,-1
1239,corner.diag,123,124,0,0,1,1
1249,corner.diag,124,125,9.999999999990479,9.999999999990479,-1,-1
1259,corner.diag,125,126,0,0,1,1
1269,corner.diag,126,127,9.999999999990479,9.999999999990479,-1,-1
1279,corner.diag,127,128,0,0,1,1
1289,corner.diag,128,129,9.999999999990479,9.999999999990479,-1,-1
1299,corner.diag,129,130,0,0,1,1
1309,corner.diag,130,131,9.999999999990479,9.999999999990479,-1,-1
1319,corner.diag,131,132,0,0,1,1
1329,corner.diag,132,133,9.999999999990479,9.999999999990479,-1,-1
1339,corner.diag,133,134,0,0,1,1
1349,corner.diag,134,135,9.999999999990479,9.999999999990479,-1,-1
1359,corner.diag,135,136,0,0,1,1
1369,corner.diag,136,137,9.999999999990479,9.999999999990479,-1,-1
1379,corner.diag,137,138,0,0,1,1
1389,corner.diag,138,139,9.999999999990479,9.999999999990479,-1,-1
1399,corner.diag,139,140,0,0,1,1
1409,corner.diag,140,141,9.999999999990479,9.999999999990479,-1,-1
1419,corner.diag,141,142,0,0,1,1
1429,corner.diag,142,143,9.999999999990479,9.999999999990479,-1,-1
1439,corner.diag,143,144,0,0,1,1
1449,corner.diag,144,145,9.999999999990479,9.999999999990479,-1,-1
1459,corner.diag,145,146,0,0,1,1
1469,corner.diag,146,147,9.999999999990479,9.999999999990479,-1,-1
1479,corner.diag,147,148,0,0,1,1
1489,corner.diag,148,149,9.999999999990479,9.999999999990479,-1,-1
1499,corner.diag,149,150,0,0,1,1
1509,corner.diag,150,151,9.999999999990479,9.999999999990479,-1,-1
1519,corner.diag,151,152,0,0,1,1
1529,corner.diag,152,153,9.999999999990479,9.999999999990479,-1,-1
1539,corner.diag,153,154,0,0,1,1
1549,corner.diag,154,155,9.999999999990479,9.999999999990479,-1,-1
1559,corner.diag,155,156,0,0,1,1
1569,corner.diag,156,157,9.999999999990479,9.999999999990479,-1,-1
1579,corner.diag,157,158,0,0,1,1
1589,corner.diag,158,159,9.999999999990479,9.999999999990479,-1,-1
1599,corner.diag,159,160,0,0,1,1
1609,corner.diag,160,161,9.999999999990479,9.999999999990479,-1,-1
1619,corner.diag,161,162,0,0,1,1
1629,corner.diag,162,163,9.999999999990479,9.999999999990479,-1,-1
1639,corner.diag,163,164,0,0,1,1
1649,corner.diag,164,165,9.999999999990479,9.999999999990479,-1,-1
1659,corner.diag,165,166,0,0,1,1
1669,corner.diag,166,167,9.999999999990479,9.999999999990479,-1,-1
1679,corner.diag,167,168,0,0,1,1
1689,corner.diag,168,169,9.999999999990479,9.999999999990479,-1,-1
1699,corner.diag,169,170,0,0,1,1
1709,corner.diag,170,171,9.999999999990479,9.999999999990479,-1,-1
1719,corner.diag,171,172,0,0,1,1
1729,corner.diag,172,173,9.999999999990479,9.999999999990479,-1,-1
1739,corner.diag,173,174,0,0,1,1
1749,corner.diag,174,175,9.999999999990479,9.999999999990479,-1,-1
1759,corner.diag,175,176,0,0,1,1
1769,corner.diag,176,177,9.999999999990479,9.999999999990479,-1,-1
1779,corner.diag,177,178,0,0,1,1
1789,corner.diag,178,179,9.999999999990479,9.999999999990479,-1,-1
1799,corner.diag,179,180,0,0,1,1
1809,corner.diag,180,181,9.999999999990479,9.999999999990479,-1,-1
1819,corner.diag,181,182,0,0,1,1
1829,corner.diag,182,183,9.999999999990479,9.999999999990479,-1,-1
1839,corner.diag,183,184,0,0,1,1
1849,corner.diag,184,185,9.999999999990479,9.999999999990479,-1,-1
1859,corner.diag,185,186,0,0,1,1
1869,corner.diag,186,187,9.999999999990479,9.999999999990479,-1,-1
1879,corner.diag,187,188,0,0,1,1
1889,corner.diag,188,189,9.999999999990479,9.999999999990479,-1,-1
1899,corner.diag,189,190,0,0,1,1
1909,corner.diag,190,191,9.999999999990479,9.999999999990479,-1,-1
1919,corner.diag,191,192,0,0,1,1
1929,corner.diag,192,193,9.999999999990479,9.999999999990479,-1,-1
1939,corner.diag,193,194,0,0,1,1
1949,corner.diag,194,195,9.999999999990479,9.999999999990479,-1,-1
1959,corner.diag,195,196,0,0,1,1
1969,corner.diag,196,197,9.999999999990479,9.999999999990479,-1,-1
1979,corner.diag,197,198,0,0,1,1
1989,corner.diag,198,199,9.999999999990479,9.999999999990479,-1,-1
1999,corner.diag,199,200,0,0,1,1
2009,corner.diag,200,201,9.999999999990479,9.999999999990479,-1,-1
2019,corner.diag,201,202,0,0,1,1
2029,corner.diag,202,203,9.999999999990479,9.999999999990479,-1,-1
2039,corner.diag,203,204,0,0,1,1
2049,corner.diag,204,205,9.999999999990479,9.999999999990479,-1,-1
2059,corner.diag,205,206,0,0,1,1
2069,corner.diag,206,207,9.999999999990479,9.999999999990479,-1,-1
2079,corner.diag,207,208,0,0,1,1
2089,corner.diag,208,209,9.999999999990479,9.999999999990479,-1,-1
2099,corner.diag,209,210,0,0,1,1
2109,corner.diag,210,211,9.999999999990479,9.999999999990479,-1,-1
2119,corner.diag,211,212,0,0,1,1
2129,corner.diag,212,213,9.999999999990479,9.999999999990479,-1,-1
2139,corner.diag,213,214,0,0,1,1
2149,corner.diag,214,215,9.999999999990479,9.999999999990479,-1,-1
2159,corner.diag,215,216,0,0,1,1
2169,corner.diag,216,217,9.999999999990479,9.999999999990479,-1,-1
2179,corner.diag,217,218,0,0,1,1
2189,corner.diag,218,219,9.999999999990479,9.999999999990479,-1,-1
2199,corner.diag,219,220,0,0,1,1
2209,corner.diag,220,221,9.999999999990479,9.999999999990479,-1,-1
2219,corner.diag,221,222,0,0,1,1
2229,corner.diag,222,223,9.999999999990479,9.999999999990479,-1,-1
2239,corner.diag,223,224,0,0,1,1
2249,corner.diag,224,225,9.999999999990479,9.999999999990479,-1,-1
2259,corner.diag,225,226,0,0,1,1
2269,corner.diag,226,227,9.999999999990479,9.999999999990479,-1,-1
2279,corner.diag,227,228,0,0,1,1
2289,corner.diag,228,229,9.999999999990479,9.999999999990479,-1,-1
2299,corner.diag,229,230,0,0,1,1
2309,corner.diag,230,231,9.999999999990479,9.999999999990479,-1,-1
2319,corner.diag,231,232,0,0,1,1
2329,corner.diag,232,233,9.999999999990479,9.999999999990479,-1,-1
2339,corner.diag,233,234,0,0,1,1
2349,corner.diag,234,235,9.999999999990479,9.999999999990479,-1,-1
2359,corner.diag,235,236,0,0,1,1
2369,corner.diag,236,237,9.999999999990479,9.999999999990479,-1,-1
2379,corner.diag,237,238,0,0,1,1
2389,corner.diag,238,239,9.999999999990479,9.999999999990479,-1,-1
2399,corner.diag,239,240,0,0,1,1
2409,corner.diag,240,241,9.999999999990479,9.999999999990479,-1,-1
2419,corner.diag,241,242,0,0,1,1
2429,corner.diag,242,243,9.999999999990479,9.999999999990479,-1,-1
2439,corner.diag,243,244,0,0,1,1
2449,corner.diag,244,245,9.999999999990479,9.999999999990479,-1,-1
2459,corner.diag,245,246,0,0,1,1
2469,corner.diag,246,247,9.999999999990479,9.999999999990479,-1,-1
2479,corner.diag,247,248,0,0,1,1
2489,corner.diag,248,249,9.999999999990479,9.999999999990479,-1,-1
2499,corner.diag,249,250,0,0,1,1
2509,corner.diag,250,251,9.999999999990479,9.999999999990479,-1,-1
2519,corner.diag,251,252,0,0,1,1
2529,corner.diag,252,253,9.999999999990479,9.999999999990479,-1,-1
2539,corner.diag,253,254,0,0,1,1
2549,corner.diag,254,255,9.999999999990479,9.999999999990479,-1,-1
2559,corner.diag,255,256,0,0,1,1
2569,corner.diag,256,257,9.999999999990479,9.999999999990479,-1,-1
2579,corner.diag,257,258,0,0,1,1
2589,corner.diag,258,259,9.999999999990479,9.999999999990479,-1,-1
2599,corner.diag,259,260,0,0,1,1
2609,corner.diag,260,261,9.999999999990479,9.999999999990479,-1,-1
2619,corner.diag,261,262,0,0,1,1
2629,corner.diag,262,263,9.999999999990479,9.999999999990479,-1,-1
2639,corner.diag,263,264,0,0,1,1
2649,corner.diag,264,265,9.999999999990479,9.999999999990479,-1,-1
2659,corner.diag,265,266,0,0,1,1
2669,corner.diag,266,267,9.999999999990479,9.999999999990479,-1,-1
2679,corner.diag,267,268,0,0,1,1
2689,corner.diag,268,269,9.999999999990479,9.999999999990479,-1,-1
2699,corner.diag,269,270,0,0,1,1
2709,corner.diag,270,271,9.999999999990479,9.999999999990479,-1,-1
2719,corner.diag,271,272,0,0,1,1
2729,corner.diag,272,273,9.999999999990479,9.999999999990479,-1,-1
2739,corner.diag,273,274,0,0,1,1
2749,corner.diag,274,275,9.999999999990479,9.999999999990479,-1,-1
2759,corner.diag,275,276,0,0,1,1
2769,corner.diag,276,277,9.999999999990479,9.999999999990479,-1,-1
2779,corner.diag,277,278,0,0,1,1
2789,corner.diag,278,279,9.999999999990479,9.999999999990479,-1,-1
2799,corner.diag,279,280,0,0,1,1
2809,corner.diag,280,281,9.999999999990479,9.999999999990479,-1,-1
2819,corner.diag,281,282,0,0,1,1
2829,corner.diag,282,283,9.999999999990479,9.999999999990479,-1,-1
2839,corner.diag,283,284,0,0,1,1
2849,corner.diag,284,285,9.999999999990479,9.999999999990479,-1,-1
2859,corner.diag,285,286,0,0,1,1
2869,corner.diag,286,287,9.999999999990479,9.999999999990479,-1,-1
2879,corner.diag,287,288,0,0,1,1
2889,corner.diag,288,289,9.999999999990479,9.999999999990479,-1,-1
2899,corner.diag,289,290,0,0,1,1
2909,corner.diag,290,291,9.999999999990479,9.999999999990479,-1,-1
2919,corner.diag,291,292,0,0,1,1
2929,corner.diag,292,293,9.999999999990479,9.999999999990479,-1,-1
2939,corner.diag,293,294,0,0,1,1
2949,corner.diag,294,295,9.999999999990479,9.999999999990479,-1,-1
2959,corner.diag,295,296,0,0,1,1
2969,corner.diag,296,297,9.999999999990479,9.999999999990479,-1,-1
2979,corner.diag,297,298,0,0,1,1
2989,corner.diag,298,299,9.999999999990479,9.999999999990479,-1,-1
2999,corner.diag,299,300,0,0,1,1
3009,corner.diag,300,301,9.999999999990479,9.999999999990479,-1,-1
3019,corner.diag,301,302,0,0,1,1
3029,corner.diag,302,303,9.999999999990479,9.999999999990479,-1,-1
3039,corner.diag,303,304,0,0,1,1
3049,corner.diag,304,305,9.999999999990479,9.999999999990479,-1,-1
3059,corner.diag,305,306,0,0,1,1
3069,corner.diag,306,307,9.999999999990479,9.999999999990479,-1,-1
3079,corner.diag,307,308,0,0,1,1
3089,corner.diag,308,309,9.999999999990479,9.999999999990479,-1,-1
3099,corner.diag,309,310,0,0,1,1
3109,corner.diag,310,311,9.999999999990479,9.999999999990479,-1,-1
3119,corner.diag,311,312,0,0,1,1
3129,corner.diag,312,313,9.999999999990479,9.999999999990479,-1,-1
3139,corner.diag,313,314,0,0,1,1
3149,corner.diag,314,315,9.999999999990479,9.999999999990479,-1,-1
3159,corner.diag,315,316,0,0,1,1
3169,corner.diag,316,317,9.999999999990479,9.999999999990479,-1,-1
3179,corner.diag,317,318,0,0,1,1
3189,corner.diag,318,319,9.999999999990479,9.999999999990479,-1,-1
3199,corner.diag,319,320,0,0,1,1
3209,corner.diag,320,321,9.999999999990479,9.999999999990479,-1,-1
3219,corner.diag,321,322,0,0,1,1
3229,corner.diag,322,323,9.999999999990479,9.999999999990479,-1,-1
3239,corner.diag,323,324,0,0,1,1
3249,corner.diag,324,325,9.999999999990479,9.999999999990479,-1,-1
3259,corner.diag,325,326,0,0,1,1
3269,corner.diag,326,327,9.999999999990479,9.999999999990479,-1,-1
3279,corner.diag,327,328,0,0,1,1
3289,corner.diag,328,329,9.999999999990479,9.999999999990479,-1,-1
3299,corner.diag,329,330,0,0,1,1
3309,corner.diag,330,331,9.999999999990479,9.999999999990479,-1,-1
3319,corner.diag,331,332,0,0,1,1
3329,corner.diag,332,333,9.999999999990479,9.999999999990479,-1,-1
3339,corner.diag,333,334,0,0,1,1
3349,corner.diag,334,335,9.999999999990479,9.999999999990479,-1,-1
3359,corner.diag,335,336,0,0,1,1
3369,corner.diag,336,337,9.999999999990479,9.999999999990479,-1,-1
3379,corner.diag,337,338,0,0,1,1
3389,corner.diag,338,339,9.999999999990479,9.999999999990479,-1,-1
3399,corner.diag,339,340,0,0,1,1
3409,corner.diag,340,341,9.999999999990479,9.999999999990479,-1,-1
3419,corner.diag,341,342,0,0,1,1
3429,corner.diag,342,343,9.999999999990479,9.999999999990479,-1,-1
3439,corner.diag,343,344,0,0,1,1
3449,corner.diag,344,345,9.999999999990479,9.999999999990479,-1,-1
3459,corner.diag,345,346,0,0,1,1
3469,corner.diag,346,347,9.999999999990479,9.999999999990479,-1,-1
3479,corner.diag,347,348,0,0,1,1
3489,corner.diag,348,349,9.999999999990479,9.999999999990479,-1,-1
3499,corner.diag,349,350,0,0,1,1
3509,corner.diag,350,351,9.999999999990479,9.999999999990479,-1,-1
3519,corner.diag,351,352,0,0,1,1
3529,corner.diag,352,353,9.999999999990479,9.999999999990479,-1,-1
3539,corner.diag,353,354,0,0,1,1
3549,corner.diag,354,355,9.999999999990479,9.999999999990479,-1,-1
3559,corner.diag,355,356,0,0,1,1
3569,corner.diag,356,357,9.999999999990479,9.999999999990479,-1,-1
3579,corner.diag,357,358,0,0,1,1
3589,corner.diag,358,359,9.999999999990479,9.999999999990479,-1,-1
3599,corner.diag,359,360,0,0,1,1
3609,corner.diag,360,361,9.999999999990479,9.999999999990479,-1,-1
3619,corner.diag,361,362,0,0,1,1
3629,corner.diag,362,363,9.999999999990479,9.999999999990479,-1,-1
3639,corner.diag,363,364,0,0,1,1
3649,corner.diag,364,365,9.999999999990479,9.999999999990479,-1,-1
3659,corner.diag,365,366,0,0,1,1
3669,corner.diag,366,367,9.999999999990479,9.999999999990479,-1,-1
3679,corner.diag,367,368,0,0,1,1
3689,corner.diag,368,369,9.999999999990479,9.999999999990479,-1,-1
3699,corner.diag,369,370,0,0,1,1
3709,corner.diag,370,371,9.999999999990479,9.999999999990479,-1,-1
3719,corner.diag,371,372,0,0,1,1
3729,corner.diag,372,373,9.999999999990479,9.999999999990479,-1,-1
3739,corner.diag,373,374,0,0,1,1
3749,corner.diag,374,375,9.999999999990479,9.999999999990479,-1,-1
3759,corner.diag,375,376,0,0,1,1
3769,corner.diag,376,377,9.999999999990479,9.999999999990479,-1,-1
3779,corner.diag,377,378,0,0,1,1
3789,corner.diag,378,379,9.999999999990479,9.999999999990479,-1,-1
3799,corner.diag,379,380,0,0,1,1
3809,corner.diag,380,381,9.999999999990479,9.999999999990479,-1,-1
3819,corner.diag,381,382,0,0,1,1
3829,corner.diag,382,383,9.999999999990479,9.999999999990479,-1,-1
3839,corner.diag,383,384,0,0,1,1
3849,corner.diag,384,385,9.999999999990479,9.999999999990479,-1,-1
3859,corner.diag,385,386,0,0,1,1
3869,corner.diag,386,387,9.999999999990479,9.999999999990479,-1,-1
3879,corner.diag,387,388,0,0,1,1
3889,corner.diag,388,389,9.999999999990479,9.999999999990479,-1,-1
3899,corner.diag,389,390,0,0,1,1
3909,corner.diag,390,391,9.999999999990479,9.999999999990479,-1,-1
3919,corner.diag,391,392,0,0,1,1
3929,corner.diag,392,393,9.999999999990479,9.999999999990479,-1,-1
3939,corner.diag,393,394,0,0,1,1
3949,corner.diag,394,395,9.999999999990479,9.999999999990479,-1,-1
3959,corner.diag,395,396,0,0,1,1
3969,corner.diag,396,397,9.999999999990479,9.999999999990479,-1,-1
3979,corner.diag,397,398,0,0,1,1
3989,corner.diag,398,399,9.999999999990479,9.999999999990479,-1,-1
3999,corner.diag,399,400,0,0,1,1
4009,corner.diag,400,401,9.999999999990479,9.999999999990479,-1,-1
4019,corner.diag,401,402,0,0,1,1
4029,corner.diag,402,403,9.999999999990479,9.999999999990479,-1,-1
4039,corner.diag,403,404,0,0,1,1
4049,corner.diag,404,405,9.999999999990479,9.999999999990479,-1,-1
4059,corner.diag,405,406,0,0,1,1
4069,corner.diag,406,407,9.999999999990479,9.999999999990479,-1,-1
4079,corner.diag,407,408,0,0,1,1
4089,corner.diag,408,409,9.999999999990479,9.999999999990479,-1,-1
4099,corner.diag,409,410,0,0,1,1
4109,corner.diag,410,411,9.999999999990479,9.999999999990479,-1,-1
4119,corner.diag,411,412,0,0,1,1
4129,corner.diag,412,413,9.999999999990479,9.999999999990479,-1,-1
4139,corner.diag,413,414,0,0,1,1
4149,corner.diag,414,415,9.999999999990479,9.999999999990479,-1,-1
4159,corner.diag,415,416,0,0,1,1
4169,corner.diag,416,417,9.999999999990479,9.999999999990479,-1,-1
4179,corner.diag,417,418,0,0,1,1
4189,corner.diag,418,419,9.999999999990479,9.999999999990479,-1,-1
4199,corner.diag,419,420,0,0,1,1
4209,corner.diag,420,421,9.999999999990479,9.999999999990479,-1,-1
4219,corner.diag,421,422,0,0,1,1
4229,corner.diag,422,423,9.999999999990479,9.999999999990479,-1,-1
4239,corner.diag,423,424,0,0,1,1
4249,corner.diag,424,425,9.999999999990479,9.999999999990479,-1,-1
4259,corner.diag,425,426,0,0,1,1
4269,corner.diag,426,427,9.999999999990479,9.999999999990479,-1,-1
4279,corner.diag,427,428,0,0,1,1
4289,corner.diag,428,429,9.999999999990479,9.999999999990479,-1,-1
4299,corner.diag,429,430,0,0,1,1
4309,corner.diag,430,431,9.999999999990479,9.999999999990479,-1,-1
4319,corner.diag,431,432,0,0,1,1
4329,corner.diag,432,433,9.999999999990479,9.999999999990479,-1,-1
4339,corner.diag,433,434,0,0,1,1
4349,corner.diag,434,435,9.999999999990479,9.999999999990479,-1,-1
4359,corner.diag,435,436,0,0,1,1
4369,corner.diag,436,437,9.999999999990479,9.999999999990479,-1,-1
4379,corner.diag,437,438,0,0,1,1
4389,corner.diag,438,439,9.999999999990479,9.999999999990479,-1,-1
4399,corner.diag,439,440,0,0,1,1
4409,corner.diag,440,441,9.999999999990479,9.999999999990479,-1,-1
4419,corner.diag,441,442,0,0,1,1
4429,corner.diag,442,443,9.999999999990479,9.999999999990479,-1,-1
4439,corner.diag,443,444,0,0,1,1
4449,corner.diag,444,445,9.999999999990479,9.999999999990479,-1,-1
4459,corner.diag,445,446,0,0,1,1
4469,corner.diag,446,447,9.999999999990479,9.999999999990479,-1,-1
4479,corner.diag,447,448,0,0,1,1
4489,corner.diag,448,449,9.999999999990479,9.999999999990479,-1,-1
4499,corner.diag,449,450,0,0,1,1
4509,corner.diag,450,451,9.999999999990479,9.999999999990479,-1,-1
4519,corner.diag,451,452,0,0,1,1
4529,corner.diag,452,453,9.999999999990479,9.999999999990479,-1,-1
4539,corner.diag,453,454,0,0,1,1
4549,corner.diag,454,455,9.999999999990479,9.999999999990479,-1,-1
4559,corner.diag,455,456,0,0,1,1
4569,corner.diag,456,457,9.999999999990479,9.999999999990479,-1,-1
4579,corner.diag,457,458,0,0,1,1
4589,corner.diag,458,459,9.999999999990479,9.999999999990479,-1,-1
4599,corner.diag,459,460,0,0,1,1
4609,corner.diag,460,461,9.999999999990479,9.999999999990479,-1,-1
4619,corner.diag,461,462,0,0,1,1
4629,corner.diag,462,463,9.999999999990479,9.999999999990479,-1,-1
4639,corner.diag,463,464,0,0,1,1
4649,corner.diag,464,465,9.999999999990479,9.999999999990479,-1,-1
4659,corner.diag,465,466,0,0,1,1
4669,corner.diag,466,467,9.999999999990479,9.999999999990479,-1,-1
4679,corner.diag,467,468,0,0,1,1
4689,corner.diag,468,469,9.999999999990479,9.999999999990479,-1,-1
4699,corner.diag,469,470,0,0,1,1
4709,corner.diag,470,471,9.999999999990479,9.999999999990479,-1,-1
4719,corner.diag,471,472,0,0,1,1
4729,corner.diag,472,473,9.999999999990479,9.999999999990479,-1,-1
4739,corner.diag,473,474,0,0,1,1
4749,corner.diag,474,475,9.999999999990479,9.999999999990479,-1,-1
4759,corner.diag,475,476,0,0,1,1
4769,corner.diag,476,477,9.999999999990479,9.999999999990479,-1,-1
4779,corner.diag,477,478,0,0,1,1
4789,corner.diag,478,479,9.999999999990479,9.999999999990479,-1,-1
4799,corner.diag,479,480,0,0,1,1
4809,corner.diag,480,481,9.999999999990479,9.999999999990479,-1,-1
4819,corner.diag,481,482,0,0,1,1
4829,corner.diag,482,483,9.999999999990479,9.999999999990479,-1,-1
4839,corner.diag,483,484,0,0,1,1
4849,corner.diag,484,485,9.999999999990479,9.999999999990479,-1,-1
4859,corner.diag,485,486,0,0,1,1
4869,corner.diag,486,487,9.999999999990479,9.999999999990479,-1,-1
4879,corner.diag,487,488,0,0,1,1
4889,corner.diag,488,489,9.999999999990479,9.999999999990479,-1,-1
4899,corner.diag,489,490,0,0,1,1
4909,corner.diag,490,491,9.999999999990479,9.999999999990479,-1,-1
4919,corner.diag,491,492,0,0,1,1
4929,corner.diag,492,493,9.999999999990479,9.999999999990479,-1,-1
4939,corner.diag,493,494,0,0,1,1
4949,corner.diag,494,495,9.999999999990479,9.999999999990479,-1,-1
4959,corner.diag,495,496,0,0,1,1
4969,corner.diag,496,497,9.999999999990479,9.999999999990479,-1,-1
4979,corner.diag,497,498,0,0,1,1
4989,corner.diag,498,499,9.999999999990479,9.999999999990479,-1,-1
4999,corner.diag,499,500,0,0,1,1
5009,corner.diag,500,501,9.999999999990479,9.999999999990479,-1,-1
5019,corner.diag,501,502,0,0,1,1
5029,corner.diag,502,503,9.999999999990479,9.999999999990479,-1,-1
5039,corner.diag,503,504,0,0,1,1
5049,corner.diag,504,505,9.999999999990479,9.999999999990479,-1,-1
5059,corner.diag,505,506,0,0,1,1
5069,corner.diag,506,507,9.999999999990479,9.999999999990479,-1,-1
5079,corner.diag,507,508,0,0,1,1
5089,corner.diag,508,509,9.999999999990479,9.999999999990479,-1,-1
5099,corner.diag,509,510,0,0,1,1
5109,corner.diag,510,511,9.999999999990479,9.999999999990479,-1,-1
5119,corner.diag,511,512,0,0,1,1
5129,corner.diag,512,513,9.999999999990479,9.999999999990479,-1,-1
5139,corner.diag,513,514,0,0,1,1
5149,corner.diag,514,515,9.999999999990479,9.999999999990479,-1,-1
5159,corner.diag,515,516,0,0,1,1
5169,corner.diag,516,517,9.999999999990479,9.999999999990479,-1,-1
5179,corner.diag,517,518,0,0,1,1
5189,corner.diag,518,519,9.999999999990479,9.999999999990479,-1,-1
5199,corner.diag,519,520,0,0,1,1
5209,corner.diag,520,521,9.999999999990479,9.999999999990479,-1,-1
5219,corner.diag,521,522,0,0,1,1
5229,corner.diag,522,523,9.999999999990479,9.999999999990479,-1,-1
5239,corner.diag,523,524,0,0,1,1
5249,corner.diag,524,525,9.999999999990479,9.999999999990479,-1,-1
5259,corner.diag,525,526,0,0,1,1
5269,corner.diag,526,527,9.999999999990479,9.999999999990479,-1,-1
5279,corner.diag,527,528,0,0,1,1
5289,corner.diag,528,529,9.999999999990479,9.999999999990479,-1,-1
5299,corner.diag,529,530,0,0,1,1
5309,corner.diag,530,531,9.999999999990479,9.999999999990479,-1,-1
5319,corner.diag,531,532,0,0,1,1
5329,corner.diag,532,533,9.999999999990479,9.999999999990479,-1,-1
5339,corner.diag,533,534,0,0,1,1
5349,corner.diag,534,535,9.999999999990479,9.999999999990479,-1,-1
5359,corner.diag,535,536,0,0,1,1
5369,corner.diag,536,537,9.999999999990479,9.999999999990479,-1,-1
5379,corner.diag,537,538,0,0,1,1
5389,corner.diag,538,539,9.999999999990479,9.999999999990479,-1,-1
5399,corner.diag,539,540,0,0,1,1
5409,corner.diag,540,541,9.999999999990479,9.999999999990479,-1,-1
5419,corner.diag,541,542,0,0,1,1
5429,corner.diag,542,543,9.999999999990479,9.999999999990479,-1,-1
5439,corner.diag,543,544,0,0,1,1
5449,corner.diag,544,545,9.999999999990479,9.999999999990479,-1,-1
5459,corner.diag,545,546,0,0,1,1
5469,corner.diag,546,547,9.999999999990479,9.999999999990479,-1,-1
5479,corner.diag,547,548,0,0,1,1
5489,corner.diag,548,549,9.999999999990479,9.999999999990479,-1,-1
5499,corner.diag,549,550,0,0,1,1
5509,corner.diag,550,551,9.999999999990479,9.999999999990479,-1,-1
5519,corner.diag,551,552,0,0,1,1
5529,corner.diag,552,553,9.999999999990479,9.999999999990479,-1,-1
5539,corner.diag,553,554,0,0,1,1
5549,corner.diag,554,555,9.999999999990479,9.999999999990479,-1,-1
5559,corner.diag,555,556,0,0,1,1
5569,corner.diag,556,557,9.999999999990479,9.999999999990479,-1,-1
5579,corner.diag,557,558,0,0,1,1
5589,corner.diag,558,559,9.999999999990479,9.999999999990479,-1,-1
5599,corner.diag,559,560,0,0,1,1
5609,corner.diag,560,561,9.999999999990479,9.999999999990479,-1,-1
5619,corner.diag,561,562,0,0,1,1
5629,corner.diag,562,563,9.999999999990479,9.999999999990479,-1,-1
5639,corner.diag,563,564,0,0,1,1
5649,corner.diag,564,565,9.999999999990479,9.999999999990479,-1,-1
5659,corner.diag,565,566,0,0,1,1
5669,corner.diag,566,567,9.999999999990479,9.999999999990479,-1,-1
5679,corner.diag,567,568,0,0,1,1
5689,corner.diag,568,569,9.999999999990479,9.999999999990479,-1,-1
5699,corner.diag,569,570,0,0,1,1
5709,corner.diag,570,571,9.999999999990479,9.999999999990479,-1,-1
5719,corner.diag,571,572,0,0,1,1
5729,corner.diag,572,573,9.999999999990479,9.999999999990479,-1,-1
5739,corner.diag,573,574,0,0,1,1
5749,corner.diag,574,575,9.999999999990479,9.999999999990479,-1,-1
5759,corner.diag,575,576,0,0,1,1
5769,corner.diag,576,577,9.999999999990479,9.999999999990479,-1,-1
5779,corner.diag,577,578,0,0,1,1
5789,corner.diag,578,579,9.999999999990479,9.999999999990479,-1,-1
5799,corner.diag,579,580,0,0,1,1
5809,corner.diag,580,581,9.999999999990479,9.999999999990479,-1,-1
5819,corner.diag,581,582,0,0,1,1
5829,corner.diag,582,583,9.999999999990479,9.999999999990479,-1,-1
5839,corner.diag,583,584,0,0,1,1
5849,corner.diag,584,585,9.999999999990479,9.999999999990479,-1,-1
5859,corner.diag,585,586,0,0,1,1
5869,corner.diag,586,587,9.999999999990479,9.999999999990479,-1,-1
5879,corner.diag,587,588,0,0,1,1
5889,corner.diag,588,589,9.999999999990479,9.999999999990479,-1,-1
5899,corner.diag,589,590,0,0,1,1
5909,corner.diag,590,591,9.999999999990479,9.999999999990479,-1,-1
5919,corner.diag,591,592,0,0,1,1
5929,corner.diag,592,593,9.999999999990479,9.999999999990479,-1,-1
5939,corner.diag,593,594,0,0,1,1
5949,corner.diag,594,595,9.999999999990479,9.999999999990479,-1,-1
5959,corner.diag,595,596,0,0,1,1
5969,corner.diag,596,597,9.999999999990479,9.999999999990479,-1,-1
5979,corner.diag,597,598,0,0,1,1
5989,corner.diag,598,599,9.999999999990479,9.999999999990479,-1,-1
5999,corner.diag,599,600,0,0,1,1
6009,corner.diag,600,601,9.999999999990479,9.999999999990479,-1,-1
6019,corner.diag,601,602,0,0,1,1
6029,corner.diag,602,603,9.999999999990479,9.999999999990479,-1,-1
6039,corner.diag,603,604,0,0,1,1
6049,corner.diag,604,605,9.999999999990479,9.999999999990479,-1,-1
6059,corner.diag,605,606,0,0,1,1
6069,corner.diag,606,607,9.999999999990479,9.999999999990479,-1,-1
6079,corner.diag,607,608,0,0,1,1
6089,corner.diag,608,609,9.999999999990479,9.999999999990479,-1,-1
6099,corner.diag,609,610,0,0,1,1
6109,corner.diag,610,611,9.999999999990479,9.999999999990479,-1,-1
6119,corner.diag,611,612,0,0,1,1
6129,corner.diag,612,613,9.999999999990479,9.999999999990479,-1,-1
6139,corner.diag,613,614,0,0,1,1
6149,corner.diag,614,615,9.999999999990479,9.999999999990479,-1,-1
6159,corner.diag,615,616,0,0,1,1
6169,corner.diag,616,617,9.999999999990479,9.999999999990479,-1,-1
6179,corner.diag,617,618,0,0,1,1
6189,corner.diag,618,619,9.999999999990479,9.999999999990479,-1,-1
6199,corner.diag,619,620,0,0,1,1
6209,corner.diag,620,621,9.999999999990479,9.999999999990479,-1,-1
6219,corner.diag,621,622,0,0,1,1
6229,corner.diag,622,623,9.999999999990479,9.999999999990479,-1,-1
6239,corner.diag,623,624,0,0,1,1
6249,corner.diag,624,625,9.999999999990479,9.999999999990479,-1,-1
6259,corner.diag,625,626,0,0,1,1
6269,corner.diag,626,627,9.999999999990479,9.999999999990479,-1,-1
6279,corner.diag,627,628,0,0,1,1
6289,corner.diag,628,629,9.999999999990479,9.999999999990479,-1,-1
6299,corner.diag,629,630,0,0,1,1
6309,corner.diag,630,631,9.999999999990479,9.999999999990479,-1,-1
6319,corner.diag,631,632,0,0,1,1
6329,corner.diag,632,633,9.999999999990479,9.999999999990479,-1,-1
6339,corner.diag,633,634,0,0,1,1
6349,corner.diag,634,635,9.999999999990479,9.999999999990479,-1,-1
6359,corner.diag,635,636,0,0,1,1
6369,corner.diag,636,637,9.999999999990479,9.999999999990479,-1,-1
6379,corner.diag,637,638,0,0,1,1
6389,corner.diag,638,639,9.999999999990479,9.999999999990479,-1,-1
6399,corner.diag,639,640,0,0,1,1
6409,corner.diag,640,641,9.999999999990479,9.999999999990479,-1,-1
6419,corner.diag,641,642,0,0,1,1
6429,corner.diag,642,643,9.999999999990479,9.999999999990479,-1,-1
6439,corner.diag,643,644,0,0,1,1
6449,corner.diag,644,645,9.999999999990479,9.999999999990479,-1,-1
6459,corner.diag,645,646,0,0,1,1
6469,corner.diag,646,647,9.999999999990479,9.999999999990479,-1,-1
6479,corner.diag,647,648,0,0,1,1
6489,corner.diag,648,649,9.999999999990479,9.999999999990479,-1,-1
6499,corner.diag,649,650,0,0,1,1
6509,corner.diag,650,651,9.999999999990479,9.999999999990479,-1,-1
6519,corner.diag,651,652,0,0,1,1
6529,corner.diag,652,653,9.999999999990479,9.999999999990479,-1,-1
6539,corner.diag,653,654,0,0,1,1
6549,corner.diag,654,655,9.999999999990479,9.999999999990479,-1,-1
6559,corner.diag,655,656,0,0,1,1
6569,corner.diag,656,657,9.999999999990479,9.999999999990479,-1,-1
6579,corner.diag,657,658,0,0,1,1
6589,corner.diag,658,659,9.999999999990479,9.999999999990479,-1,-1
6599,corner.diag,659,660,0,0,1,1
6609,corner.diag,660,661,9.999999999990479,9.999999999990479,-1,-1
6619,corner.diag,661,662,0,0,1,1
6629,corner.diag,662,663,9.999999999990479,9.999999999990479,-1,-1
6639,corner.diag,663,664,0,0,1,1
6649,corner.diag,664,665,9.999999999990479,9.999999999990479,-1,-1
6659,corner.diag,665,666,0,0,1,1
6669,corner.diag,666,667,9.999999999990479,9.999999999990479,-1,-1
6679,corner.diag,667,668,0,0,1,1
6689,corner.diag,668,669,9.999999999990479,9.999999999990479,-1,-1
6699,corner.diag,669,670,0,0,1,1
6709,corner.diag,670,671,9.999999999990479,9.999999999990479,-1,-1
6719,corner.diag,671,672,0,0,1,1
6729,corner.diag,672,673,9.999999999990479,9.999999999990479,-1,-1
6739,corner.diag,673,674,0,0,1,1
6749,corner.diag,674,675,9.999999999990479,9.999999999990479,-1,-1
6759,corner.diag,675,676,0,0,1,1
6769,corner.diag,676,677,9.999999999990479,9.999999999990479,-1,-1
6779,corner.diag,677,678,0,0,1,1
6789,corner.diag,678,679,9.999999999990479,9.999999999990479,-1,-1
6799,corner.diag,679,680,0,0,1,1
6809,corner.diag,680,681,9.999999999990479,9.999999999990479,-1,-1
6819,corner.diag,681,682,0,0,1,1
6829,corner.diag,682,683,9.999999999990479,9.999999999990479,-1,-1
6839,corner.diag,683,684,0,0,1,1
6849,corner.diag,684,685,9.999999999990479,9.999999999990479,-1,-1
6859,corner.diag,685,686,0,0,1,1
6869,corner.diag,686,687,9.999999999990479,9.999999999990479,-1,-1
6879,corner.diag,687,688,0,0,1,1
6889,corner.diag,688,689,9.999999999990479,9.999999999990479,-1,-1
6899,corner.diag,689,690,0,0,1,1
6909,corner.diag,690,691,9.999999999990479,9.999999999990479,-1,-1
6919,corner.diag,691,692,0,0,1,1
6929,corner.diag,692,693,9.999999999990479,9.999999999990479,-1,-1
6939,corner.diag,693,694,0,0,1,1
6949,corner.diag,694,695,9.999999999990479,9.999999999990479,-1,-1
6959,corner.diag,695,696,0,0,1,1
6969,corner.diag,696,697,9.999999999990479,9.999999999990479,-1,-1
6979,corner.diag,697,698,0,0,1,1
6989,corner.diag,698,699,9.999999999990479,9.999999999990479,-1,-1
6999,corner.diag,699,700,0,0,1,1
7009,corner.diag,700,701,9.999999999990479,9.999999999990479,-1,-1
7019,corner.diag,701,702,0,0,1,1
7029,corner.diag,702,703,9.999999999990479,9.999999999990479,-1,-1
7039,corner.diag,703,704,0,0,1,1
7049,corner.diag,704,705,9.999999999990479,9.999999999990479,-1,-1
7059,corner.diag,705,706,0,0,1,1
7069,corner.diag,706,707,9.999999999990479,9.999999999990479,-1,-1
7079,corner.diag,707,708,0,0,1,1
7089,corner.diag,708,709,9.999999999990479,9.999999999990479,-1,-1
7099,corner.diag,709,710,0,0,1,1
7109,corner.diag,710,711,9.999999999990479,9.999999999990479,-1,-1
7119,corner.diag,711,712,0,0,1,1
7129,corner.diag,712,713,9.999999999990479,9.999999999990479,-1,-1
7139,corner.diag,713,714,0,0,1,1
7149,corner.diag,714,715,9.999999999990479,9.999999999990479,-1,-1
7159,corner.diag,715,716,0,0,1,1
7169,corner.diag,716,717,9.999999999990479,9.999999999990479,-1,-1
7179,corner.diag,717,718,0,0,1,1
7189,corner.diag,718,719,9.999999999990479,9.999999999990479,-1,-1
7199,corner.diag,719,720,0,0,1,1
7209,corner.diag,720,721,9.999999999990479,9.999999999990479,-1,-1
7219,corner.diag,721,722,0,0,1,1
7229,corner.diag,722,723,9.999999999990479,9.999999999990479,-1,-1
7239,corner.diag,723,724,0,0,1,1
7249,corner.diag,724,725,9.999999999990479,9.999999999990479,-1,-1
7259,corner.diag,725,726,0,0,1,1
7269,corner.diag,726,727,9.999999999990479,9.999999999990479,-1,-1
7279,corner.diag,727,728,0,0,1,1
7289,corner.diag,728,729,9.999999999990479,9.999999999990479,-1,-1
7299,corner.diag,729,730,0,0,1,1
7309,corner.diag,730,731,9.999999999990479,9.999999999990479,-1,-1
7319,corner.diag,731,732,0,0,1,1
7329,corner.diag,732,733,9.999999999990479,9.999999999990479,-1,-1
7339,corner.diag,733,734,0,0,1,1
7349,corner.diag,734,735,9.999999999990479,9.999999999990479,-1,-1
7359,corner.diag,735,736,0,0,1,1
7369,corner.diag,736,737,9.999999999990479,9.999999999990479,-1,-1
7379,corner.diag,737,738,0,0,1,1
7389,corner.diag,738,739,9.999999999990479,9.999999999990479,-1,-1
7399,corner.diag,739,740,0,0,1,1
7409,corner.diag,740,741,9.999999999990479,9.999999999990479,-1,-1
7419,corner.diag,741,742,0,0,1,1
7429,corner.diag,742,743,9.999999999990479,9.999999999990479,-1,-1
7439,corner.diag,743,744,0,0,1,1
7449,corner.diag,744,745,9.999999999990479,9.999999999990479,-1,-1
7459,corner.diag,745,746,0,0,1,1
7469,corner.diag,746,747,9.999999999990479,9.999999999990479,-1,-1
7479,corner.diag,747,748,0,0,1,1
7489,corner.diag,748,749,9.999999999990479,9.999999999990479,-1,-1
7499,corner.diag,749,750,0,0,1,1
7509,corner.diag,750,751,9.999999999990479,9.999999999990479,-1,-1
7519,corner.diag,751,752,0,0,1,1
7529,corner.diag,752,753,9.999999999990479,9.999999999990479,-1,-1
7539,corner.diag,753,754,0,0,1,1
7549,corner.diag,754,755,9.999999999990479,9.999999999990479,-1,-1
7559,corner.diag,755,756,0,0,1,1
7569,corner.diag,756,757,9.999999999990479,9.999999999990479,-1,-1
7579,corner.diag,757,758,0,0,1,1
7589,corner.diag,758,759,9.999999999990479,9.999999999990479,-1,-1
7599,corner.diag,759,760,0,0,1,1
7609,corner.diag,760,761,9.999999999990479,9.999999999990479,-1,-1
7619,corner.diag,761,762,0,0,1,1
7629,corner.diag,762,763,9.999999999990479,9.999999999990479,-1,-1
7639,corner.diag,763,764,0,0,1,1
7649,corner.diag,764,765,9.999999999990479,9.999999999990479,-1,-1
7659,corner.diag,765,766,0,0,1,1
7669,corner.diag,766,767,9.999999999990479,9.999999999990479,-1,-1
7679,corner.diag,767,768,0,0,1,1
7689,corner.diag,768,769,9.999999999990479,9.999999999990479,-1,-1
7699,corner.diag,769,770,0,0,1,1
7709,corner.diag,770,771,9.999999999990479,9.999999999990479,-1,-1
7719,corner.diag,771,772,0,0,1,1
7729,corner.diag,772,773,9.999999999990479,9.999999999990479,-1,-1
7739,corner.diag,773,774,0,0,1,1
7749,corner.diag,774,775,9.999999999990479,9.999999999990479,-1,-1
7759,corner.diag,775,776,0,0,1,1
7769,corner.diag,776,777,9.999999999990479,9.999999999990479,-1,-1
7779,corner.diag,777,778,0,0,1,1
7789,corner.diag,778,779,9.999999999990479,9.999999999990479,-1,-1
7799,corner.diag,779,780,0,0,1,1
7809,corner.diag,780,781,9.999999999990479,9.999999999990479,-1,-1
7819,corner.diag,781,782,0,0,1,1
7829,corner.diag,782,783,9.999999999990479,9.999999999990479,-1,-1
7839,corner.diag,783,784,0,0,1,1
7849,corner.diag,784,785,9.999999999990479,9.999999999990479,-1,-1
7859,corner.diag,785,786,0,0,1,1
7869,corner.diag,786,787,9.999999999990479,9.999999999990479,-1,-1
7879,corner.diag,787,788,0,0,1,1
7889,corner.diag,788,789,9.999999999990479,9.999999999990479,-1,-1
7899,corner.diag,789,790,0,0,1,1
7909,corner.diag,790,791,9.999999999990479,9.999999999990479,-1,-1
7919,corner.diag,791,792,0,0,1,1
7929,corner.diag,792,793,9.999999999990479,9.999999999990479,-1,-1
7939,corner.diag,793,794,0,0,1,1
7949,corner.diag,794,795,9.999999999990479,9.999999999990479,-1,-1
7959,corner.diag,795,796,0,0,1,1
7969,corner.diag,796,797,9.999999999990479,9.999999999990479,-1,-1
7979,corner.diag,797,798,0,0,1,1
7989,corner.diag,798,799,9.999999999990479,9.999999999990479,-1,-1
7999,corner.diag,799,800,0,0,1,1
8009,corner.diag,800,801,9.999999999990479,9.999999999990479,-1,-1
8019,corner.diag,801,802,0,0,1,1
8029,corner.diag,802,803,9.999999999990479,9.999999999990479,-1,-1
8039,corner.diag,803,804,0,0,1,1
8049,corner.diag,804,805,9.999999999990479,9.999999999990479,-1,-1
8059,corner.diag,805,806,0,0,1,1
8069,corner.diag,806,807,9.999999999990479,9.999999999990479,-1,-1
8079,corner.diag,807,808,0,0,1,1
8089,corner.diag,808,809,9.999999999990479,9.999999999990479,-1,-1
8099,corner.diag,809,810,0,0,1,1
8109,corner.diag,810,811,9.999999999990479,9.999999999990479,-1,-1
8119,corner.diag,811,812,0,0,1,1
8129,corner.diag,812,813,9.999999999990479,9.999999999990479,-1,-1
8139,corner.diag,813,814,0,0,1,1
8149,corner.diag,814,815,9.999999999990479,9.999999999990479,-1,-1
8159,corner.diag,815,816,0,0,1,1
8169,corner.diag,816,817,9.999999999990479,9.999999999990479,-1,-1
8179,corner.diag,817,818,0,0,1,1
8189,corner.diag,818,819,9.999999999990479,9.999999999990479,-1,-1
8199,corner.diag,819,820,0,0,1,1
8209,corner.diag,820,821,9.999999999990479,9.999999999990479,-1,-1
8219,corner.diag,821,822,0,0,1,1
8229,corner.diag,822,823,9.999999999990479,9.999999999990479,-1,-1
8239,corner.diag,823,824,0,0,1,1
8249,corner.diag,824,825,9.999999999990479,9.999999999990479,-1,-1
8259,corner.diag,825,826,0,0,1,1
8269,corner.diag,826,827,9.999999999990479,9.999999999990479,-1,-1
8279,corner.diag,827,828,0,0,1,1
8289,corner.diag,828,829,9.999999999990479,9.999999999990479,-1,-1
8299,corner.diag,829,830,0,0,1,1
8309,corner.diag,830,831,9.999999999990479,9.999999999990479,-1,-1
8319,corner.diag,831,832,0,0,1,1
8329,corner.diag,832,833,9.999999999990479,9.999999999990479,-1,-1
8339,corner.diag,833,834,0,0,1,1
8349,corner.diag,834,835,9.999999999990479,9.999999999990479,-1,-1
8359,corner.diag,835,836,0,0,1,1
8369,corner.diag,836,837,9.999999999990479,9.999999999990479,-1,-1
8379,corner.diag,837,838,0,0,1,1
8389,corner.diag,838,839,9.999999999990479,9.999999999990479,-1,-1
8399,corner.diag,839,840,0,0,1,1
8409,corner.diag,840,841,9.999999999990479,9.999999999990479,-1,-1
8419,corner.diag,841,842,0,0,1,1
8429,corner.diag,842,843,9.999999999990479,9.999999999990479,-1,-1
8439,corner.diag,843,844,0,0,1,1
8449,corner.diag,844,845,9.999999999990479,9.999999999990479,-1,-1
8459,corner.diag,845,846,0,0,1,1
8469,corner.diag,846,847,9.999999999990479,9.999999999990479,-1,-1
8479,corner.diag,847,848,0,0,1,1
8489,corner.diag,848,849,9.999999999990479,9.999999999990479,-1,-1
8499,corner.diag,849,850,0,0,1,1
8509,corner.diag,850,851,9.999999999990479,9.999999999990479,-1,-1
8519,corner.diag,851,852,0,0,1,1
8529,corner.diag,852,853,9.999999999990479,9.999999999990479,-1,-1
8539,corner.diag,853,854,0,0,1,1
8549,corner.diag,854,855,9.999999999990479,9.999999999990479,-1,-1
8559,corner.diag,855,856,0,0,1,1
8569,corner.diag,856,857,9.999999999990479,9.999999999990479,-1,-1
8579,corner.diag,857,858,0,0,1,1
8589,corner.diag,858,859,9.999999999990479,9.999999999990479,-1,-1
8599,corner.diag,859,860,0,0,1,1
8609,corner.diag,860,861,9.999999999990479,9.999999999990479,-1,-1
8619,corner.diag,861,862,0,0,1,1
8629,corner.diag,862,863,9.999999999990479,9.999999999990479,-1,-1
8639,corner.diag,863,864,0,0,1,1
8649,corner.diag,864,865,9.999999999990479,9.999999999990479,-1,-1
8659,corner.diag,865,866,0,0,1,1
8669,corner.diag,866,867,9.999999999990479,9.999999999990479,-1,-1
8679,corner.diag,867,868,0,0,1,1
8689,corner.diag,868,869,9.999999999990479,9.999999999990479,-1,-1
8699,corner.diag,869,870,0,0,1,1
8709,corner.diag,870,871,9.999999999990479,9.999999999990479,-1,-1
8719,corner.diag,871,872,0,0,1,1
8729,corner.diag,872,873,9.999999999990479,9.999999999990479,-1,-1
8739,corner.diag,873,874,0,0,1,1
8749,corner.diag,874,875,9.999999999990479,9.999999999990479,-1,-1
8759,corner.diag,875,876,0,0,1,1
8769,corner.diag,876,877,9.999999999990479,9.999999999990479,-1,-1
8779,corner.diag,877,878,0,0,1,1
8789,corner.diag,878,879,9.999999999990479,9.999999999990479,-1,-1
8799,corner.diag,879,880,0,0,1,1
8809,corner.diag,880,881,9.999999999990479,9.999999999990479,-1,-1
8819,corner.diag,881,882,0,0,1,1
8829,corner.diag,882,883,9.999999999990479,9.999999999990479,-1,-1
8839,corner.diag,883,884,0,0,1,1
8849,corner.diag,884,885,9.999999999990479,9.999999999990479,-1,-1
8859,corner.diag,885,886,0,0,1,1
8869,corner.diag,886,887,9.999999999990479,9.999999999990479,-1,-1
8879,corner.diag,887,888,0,0,1,1
8889,corner.diag,888,889,9.999999999990479,9.999999999990479,-1,-1
8899,corner.diag,889,890,0,0,1,1
8909,corner.diag,890,891,9.999999999990479,9.999999999990479,-1,-1
8919,corner.diag,891,892,0,0,1,1
8929,corner.diag,892,893,9.999999999990479,9.999999999990479,-1,-1
8939,corner.diag,893,894,0,0,1,1
8949,corner.diag,894,895,9.999999999990479,9.999999999990479,-1,-1
8959,corner.diag,895,896,0,0,1,1
8969,corner.diag,896,897,9.999999999990479,9.999999999990479,-1,-1
8979,corner.diag,897,898,0,0,1,1
8989,corner.diag,898,899,9.999999999990479,9.999999999990479,-1,-1
8999,corner.diag,899,900,0,0,1,1
9009,corner.diag,900,901,9.999999999990479,9.999999999990479,-1,-1
9019,corner.diag,901,902,0,0,1,1
9029,corner.diag,902,903,9.999999999990479,9.999999999990479,-1,-1
9039,corner.diag,903,904,0,0,1,1
9049,corner.diag,904,905,9.999999999990479,9.999999999990479,-1,-1
9059,corner.diag,905,906,0,0,1,1
9069,corner.diag,906,907,9.999999999990479,9.999999999990479,-1,-1
9079,corner.diag,907,908,0,0,1,1
9089,corner.diag,908,909,9.999999999990479,9.999999999990479,-1,-1
9099,corner.diag,909,910,0,0,1,1
9109,corner.diag,910,911,9.999999999990479,9.999999999990479,-1,-1
9119,corner.diag,911,912,0,0,1,1
9129,corner.diag,912,913,9.999999999990479,9.999999999990479,-1,-1
9139,corner.diag,913,914,0,0,1,1
9149,corner.diag,914,915,9.999999999990479,9.999999999990479,-1,-1
9159,corner.diag,915,916,0,0,1,1
9169,corner.diag,916,917,9.999999999990479,9.999999999990479,-1,-1
9179,corner.diag,917,918,0,0,1,1
9189,corner.diag,918,919,9.999999999990479,9.999999999990479,-1,-1
9199,corner.diag,919,920,0,0,1,1
9209,corner.diag,920,921,9.999999999990479,9.999999999990479,-1,-1
9219,corner.diag,921,922,0,0,1,1
9229,corner.diag,922,923,9.999999999990479,9.999999999990479,-1,-1
9239,corner.diag,923,924,0,0,1,1
9249,corner.diag,924,925,9.999999999990479,9.999999999990479,-1,-1
9259,corner.diag,925,926,0,0,1,1
9269,corner.diag,926,927,9.999999999990479,9.999999999990479,-1,-1
9279,corner.diag,927,928,0,0,1,1
9289,corner.diag,928,929,9.999999999990479,9.999999999990479,-1,-1
9299,corner.diag,929,930,0,0,1,1
9309,corner.diag,930,931,9.999999999990479,9.999999999990479,-1,-1
9319,corner.diag,931,932,0,0,1,1
9329,corner.diag,932,933,9.999999999990479,9.999999999990479,-1,-1
9339,corner.diag,933,934,0,0,1,1
9349,corner.diag,934,935,9.999999999990479,9.999999999990479,-1,-1
9359,corner.diag,935,936,0,0,1,1
9369,corner.diag,936,937,9.999999999990479,9.999999999990479,-1,-1
9379,corner.diag,937,938,0,0,1,1
9389,corner.diag,938,939,9.999999999990479,9.999999999990479,-1,-1
9399,corner.diag,939,940,0,0,1,1
9409,corner.diag,940,941,9.999999999990479,9.999999999990479,-1,-1
9419,corner.diag,941,942,0,0,1,1
9429,corner.diag,942,943,9.999999999990479,9.999999999990479,-1,-1
9439,corner.diag,943,944,0,0,1,1
9449,corner.diag,944,945,9.999999999990479,9.999999999990479,-1,-1
9459,corner.diag,945,946,0,0,1,1
9469,corner.diag,946,947,9.999999999990479,9.999999999990479,-1,-1
9479,corner.diag,947,948,0,0,1,1
9489,corner.diag,948,949,9.999999999990479,9.999999999990479,-1,-1
9499,corner.diag,949,950,0,0,1,1
9509,corner.diag,950,951,9.999999999990479,9.999999999990479,-1,-1
9519,corner.diag,951,952,0,0,1,1
9529,corner.diag,952,953,9.999999999990479,9.999999999990479,-1,-1
9539,corner.diag,953,954,0,0,1,1
9549,corner.diag,954,955,9.999999999990479,9.999999999990479,-1,-1
9559,corner.diag,955,956,0,0,1,1
9569,corner.diag,956,957,9.999999999990479,9.999999999990479,-1,-1
9579,corner.diag,957,958,0,0,1,1
9589,corner.diag,958,959,9.999999999990479,9.999999999990479,-1,-1
9599,corner.diag,959,960,0,0,1,1
9609,corner.diag,960,961,9.999999999990479,9.999999999990479,-1,-1
9619,corner.diag,961,962,0,0,1,1
9629,corner.diag,962,963,9.999999999990479,9.999999999990479,-1,-1
9639,corner.diag,963,964,0,0,1,1
9649,corner.diag,964,965,9.999999999990479,9.999999999990479,-1,-1
9659,corner.diag,965,966,0,0,1,1
9669,corner.diag,966,967,9.999999999990479,9.999999999990479,-1,-1
9679,corner.diag,967,968,0,0,1,1
9689,corner.diag,968,969,9.999999999990479,9.999999999990479,-1,-1
9699,corner.diag,969,970,0,0,1,1
9709,corner.diag,970,971,9.999999999990479,9.999999999990479,-1,-1
9719,corner.diag,971,972,0,0,1,1
9729,corner.diag,972,973,9.999999999990479,9.999999999990479,-1,-1
9739,corner.diag,973,974,0,0,1,1
9749,corner.diag,974,975,9.999999999990479,9.999999999990479,-1,-1
9759,corner.diag,975,976,0,0,1,1
9769,corner.diag,976,977,9.999999999990479,9.999999999990479,-1,-1
9779,corner.diag,977,978,0,0,1,1
9789,corner.diag,978,979,9.999999999990479,9.999999999990479,-1,-1
9799,corner.diag,979,980,0,0,1,1
9809,corner.diag,980,981,9.999999999990479,9.999999999990479,-1,-1
9819,corner.diag,981,982,0,0,1,1
9829,corner.diag,982,983,9.999999999990479,9.999999999990479,-1,-1
9839,corner.diag,983,984,0,0,1,1
9849,corner.diag,984,985,9.999999999990479,9.999999999990479,-1,-1
9859,corner.diag,985,986,0,0,1,1
9869,corner.diag,986,987,9.999999999990479,9.999999999990479,-1,-1
9879,corner.diag,987,988,0,0,1,1
9889,corner.diag,988,989,9.999999999990479,9.999999999990479,-1,-1
9899,corner.diag,989,990,0,0,1,1
9909,corner.diag,990,991,9.999999999990479,9.999999999990479,-1,-1
9919,corner.diag,991,992,0,0,1,1
9929,corner.diag,992,993,9.999999999990479,9.999999999990479,-1,-1
9939,corner.diag,993,994,0,0,1,1
9949,corner.diag,994,995,9.999999999990479,9.999999999990479,-1,-1
9959,corner.diag,995,996,0,0,1,1
9969,corner.diag,996,997,9.999999999990479,9.999999999990479,-1,-1
9979,corner.diag,997,998,0,0,1,1
9989,corner.diag,998,999,9.999999999990479,9.999999999990479,-1,-1
9999,corner.diag,999,1000,0,0,1,1
10009,corner.diag,1000,1001,9.999999999990479,9.999999999990479,-1,-1
10019,corner.diag,1001,1002,0,0,1,1
10029,corner.diag,1002,1003,9.999999999990479,9.999999999990479,-1,-1
10039,corner.diag,1003,1004,0,0,1,1
10049,corner.diag,1004,1005,9.999999999990479,9.999999999990479,-1,-1
10059,corner.diag,1005,1006,0,0,1,1
10069,corner.diag,1006,1007,9.999999999990479,9.999999999990479,-1,-1
10079,corner.diag,1007,1008,0,0,1,1
10089,corner.diag,1008,1009,9.999999999990479,9.999999999990479,-1,-1
10099,corner.diag,1009,1010,0,0,1,1
10109,corner.diag,1010,1011,9.999999999990479,9.999999999990479,-1,-1
10119,corner.diag,1011,1012,0,0,1,1
10129,corner.diag,1012,1013,9.999999999990479,9.999999999990479,-1,-1
10139,corner.diag,1013,1014,0,0,1,1
10149,corner.diag,1014,1015,9.999999999990479,9.999999999990479,-1,-1
10159,corner.diag,1015,1016,0,0,1,1
10169,corner.diag,1016,1017,9.999999999990479,9.999999999990479,-1,-1
10179,corner.diag,1017,1018,0,0,1,1
10189,corner.diag,1018,1019,9.999999999990479,9.999999999990479,-1,-1
10199,corner.diag,1019,1020,0,0,1,1
10209,corner.diag,1020,1021,9.999999999990479,9.999999999990479,-1,-1
10219,corner.diag,1021,1022,0,0,1,1
10229,corner.diag,1022,1023,9.999999999990479,9.999999999990479,-1,-1
10239,corner.diag,1023,1024,0,0,1,1
10249,corner.diag,1024,1025,9.999999999990479,9.999999999990479,-1,-1
10259,corner.diag,1025,1026,0,0,1,1
10269,corner.diag,1026,1027,9.999999999990479,9.999999999990479,-1,-1
10279,corner.diag,1027,1028,0,0,1,1
10289,corner.diag,1028,1029,9.999999999990479,9.999999999990479,-1,-1
10299,corner.diag,1029,1030,0,0,1,1
10309,corner.diag,1030,1031,9.999999999990479,9.999999999990479,-1,-1
10319,corner.diag,1031,1032,0,0,1,1
10329,corner.diag,1032,1033,9.999999999990479,9.999999999990479,-1,-1
10339,corner.diag,1033,1034,0,0,1,1
10349,corner.diag,1034,1035,9.999999999990479,9.999999999990479,-1,-1
10359,corner.diag,1035,1036,0,0,1,1
10369,corner.diag,1036,1037,9.999999999990479,9.999999999990479,-1,-1
10379,corner.diag,1037,1038,0,0,1,1
10389,corner.diag,1038,1039,9.999999999990479,9.999999999990479,-1,-1
10399,corner.diag,1039,1040,0,0,1,1
10409,corner.diag,1040,1041,9.999999999990479,9.999999999990479,-1,-1
10419,corner.diag,1041,1042,0,0,1,1
10429,corner.diag,1042,1043,9.999999999990479,9.999999999990479,-1,-1
10439,corner.diag,1043,1044,0,0,1,1
10449,corner.diag,1044,1045,9.999999999990479,9.999999999990479,-1,-1
10459,corner.diag,1045,1046,0,0,1,1
10469,corner.diag,1046,1047,9.999999999990479,9.999999999990479,-1,-1
10479,corner.diag,1047,1048,0,0,1,1
10489,corner.diag,1048,1049,9.999999999990479,9.999999999990479,-1,-1
10499,corner.diag,1049,1050,0,0,1,1
10509,corner.diag,1050,1051,9.999999999990479,9.999999999990479,-1,-1
10519,corner.diag,1051,1052,0,0,1,1
10529,corner.diag,1052,1053,9.999999999990479,9.999999999990479,-1,-1
10539,corner.diag,1053,1054,0,0,1,1
10549,corner.diag,1054,1055,9.999999999990479,9.999999999990479,-1,-1
10559,corner.diag,1055,1056,0,0,1,1
10569,corner.diag,1056,1057,9.999999999990479,9.999999999990479,-1,-1
10579,corner.diag,1057,1058,0,0,1,1
10589,corner.diag,1058,1059,9.999999999990479,9.999999999990479,-1,-1
10599,corner.diag,1059,1060,0,0,1,1
10609,corner.diag,1060,1061,9.999999999990479,9.999999999990479,-1,-1
10619,corner.diag,1061,1062,0,0,1,1
10629,corner.diag,1062,1063,9.999999999990479,9.999999999990479,-1,-1
10639,corner.diag,1063,1064,0,0,1,1
10649,corner.diag,1064,1065,9.999999999990479,9.999999999990479,-1,-1
10659,corner.diag,1065,1066,0,0,1,1
10669,corner.diag,1066,1067,9.999999999990479,9.999999999990479,-1,-1
10679,corner.diag,1067,1068,0,0,1,1
10689,corner.diag,1068,1069,9.999999999990479,9.999999999990479,-1,-1
10699,corner.diag,1069,1070,0,0,1,1
10709,corner.diag,1070,1071,9.999999999990479,9.999999999990479,-1,-1
10719,corner.diag,1071,1072,0,0,1,1
10729,corner.diag,1072,1073,9.999999999990479,9.999999999990479,-1,-1
10739,corner.diag,1073,1074,0,0,1,1
10749,corner.diag,1074,1075,9.999999999990479,9.999999999990479,-1,-1
10759,corner.diag,1075,1076,0,0,1,1
10769,corner.diag,1076,1077,9.999999999990479,9.999999999990479,-1,-1
10779,corner.diag,1077,1078,0,0,1,1
10789,corner.diag,1078,1079,9.999999999990479,9.999999999990479,-1,-1
10799,corner.diag,1079,1080,0,0,1,1
10809,corner.diag,1080,1081,9.999999999990479,9.999999999990479,-1,-1
10819,corner.diag,1081,1082,0,0,1,1
10829,corner.diag,1082,1083,9.999999999990479,9.999999999990479,-1,-1
10839,corner.diag,1083,1084,0,0,1,1
10849,corner.diag,1084,1085,9.999999999990479,9.999999999990479,-1,-1
10859,corner.diag,1085,1086,0,0,1,1
10869,corner.diag,1086,1087,9.999999999990479,9.999999999990479,-1,-1
10879,corner.diag,1087,1088,0,0,1,1
10889,corner.diag,1088,1089,9.999999999990479,9.999999999990479,-1,-1
10899,corner.diag,1089,1090,0,0,1,1
10909,corner.diag,1090,1091,9.999999999990479,9.999999999990479,-1,-1
10919,corner.diag,1091,1092,0,0,1,1
10929,corner.diag,1092,1093,9.999999999990479,9.999999999990479,-1,-1
10939,corner.diag,1093,1094,0,0,1,1
10949,corner.diag,1094,1095,9.999999999990479,9.999999999990479,-1,-1
10959,corner.diag,1095,1096,0,0,1,1
10969,corner.diag,1096,1097,9.999999999990479,9.999999999990479,-1,-1
10979,corner.diag,1097,1098,0,0,1,1
10989,corner.diag,1098,1099,9.999999999990479,9.999999999990479,-1,-1
10999,corner.diag,1099,1100,0,0,1,1
11009,corner.diag,1100,1101,9.999999999990479,9.999999999990479,-1,-1
11019,corner.diag,1101,1102,0,0,1,1
11029,corner.diag,1102,1103,9.999999999990479,9.999999999990479,-1,-1
11039,corner.diag,1103,1104,0,0,1,1
11049,corner.diag,1104,1105,9.999999999990479,9.999999999990479,-1,-1
11059,corner.diag,1105,1106,0,0,1,1
11069,corner.diag,1106,1107,9.999999999990479,9.999999999990479,-1,-1
11079,corner.diag,1107,1108,0,0,1,1
11089,corner.diag,1108,1109,9.999999999990479,9.999999999990479,-1,-1
11099,corner.diag,1109,1110,0,0,1,1
11109,corner.diag,1110,1111,9.999999999990479,9.999999999990479,-1,-1
11119,corner.diag,1111,1112,0,0,1,1
11129,corner.diag,1112,1113,9.999999999990479,9.999999999990479,-1,-1
11139,corner.diag,1113,1114,0,0,1,1
11149,corner.diag,1114,1115,9.999999999990479,9.999999999990479,-1,-1
11159,corner.diag,1115,1116,0,0,1,1
11169,corner.diag,1116,1117,9.999999999990479,9.999999999990479,-1,-1
11179,corner.diag,1117,1118,0,0,1,1
11189,corner.diag,1118,1119,9.999999999990479,9.999999999990479,-1,-1
11199,corner.diag,1119,1120,0,0,1,1
11209,corner.diag,1120,1121,9.999999999990479,9.999999999990479,-1,-1
11219,corner.diag,1121,1122,0,0,1,1
11229,corner.diag,1122,1123,9.999999999990479,9.999999999990479,-1,-1
11239,corner.diag,1123,1124,0,0,1,1
11249,corner.diag,1124,1125,9.999999999990479,9.999999999990479,-1,-1
11259,corner.diag,1125,1126,0,0,1,1
11269,corner.diag,1126,1127,9.999999999990479,9.999999999990479,-1,-1
11279,corner.diag,1127,1128,0,0,1,1
11289,corner.diag,1128,1129,9.999999999990479,9.999999999990479,-1,-1
11299,corner.diag,1129,1130,0,0,1,1
11309,corner.diag,1130,1131,9.999999999990479,9.999999999990479,-1,-1
11319,corner.diag,1131,1132,0,0,1,1
11329,corner.diag,1132,1133,9.999999999990479,9.999999999990479,-1,-1
11339,corner.diag,1133,1134,0,0,1,1
11349,corner.diag,1134,1135,9.999999999990479,9.999999999990479,-1,-1
11359,corner.diag,1135,1136,0,0,1,1
11369,corner.diag,1136,1137,9.999999999990479,9.999999999990479,-1,-1
11379,corner.diag,1137,1138,0,0,1,1
11389,corner.diag,1138,1139,9.999999999990479,9.999999999990479,-1,-1
11399,corner.diag,1139,1140,0,0,1,1
11409,corner.diag,1140,1141,9.999999999990479,9.999999999990479,-1,-1
11419,corner.diag,1141,1142,0,0,1,1
11429,corner.diag,1142,1143,9.999999999990479,9.999999999990479,-1,-1
11439,corner.diag,1143,1144,0,0,1,1
11449,corner.diag,1144,1145,9.999999999990479,9.999999999990479,-1,-1
11459,corner.diag,1145,1146,0,0,1,1
11469,corner.diag,1146,1147,9.999999999990479,9.999999999990479,-1,-1
11479,corner.diag,1147,1148,0,0,1,1
11489,corner.diag,1148,1149,9.999999999990479,9.999999999990479,-1,-1
11499,corner.diag,1149,1150,0,0,1,1
11509,corner.diag,1150,1151,9.999999999990479,9.999999999990479,-1,-1
11519,corner.diag,1151,1152,0,0,1,1
11529,corner.diag,1152,1153,9.999999999990479,9.999999999990479,-1,-1
11539,corner.diag,1153,1154,0,0,1,1
11549,corner.diag,1154,1155,9.999999999990479,9.999999999990479,-1,-1
11559,corner.diag,1155,1156,0,0,1,1
11569,corner.diag,1156,1157,9.999999999990479,9.999999999990479,-1,-1
11579,corner.diag,1157,1158,0,0,1,1
11589,corner.diag,1158,1159,9.999999999990479,9.999999999990479,-1,-1
11599,corner.diag,1159,1160,0,0,1,1
11609,corner.diag,1160,1161,9.999999999990479,9.999999999990479,-1,-1
11619,corner.diag,1161,1162,0,0,1,1
11629,corner.diag,1162,1163,9.999999999990479,9.999999999990479,-1,-1
11639,corner.diag,1163,1164,0,0,1,1
11649,corner.diag,1164,1165,9.999999999990479,9.999999999990479,-1,-1
11659,corner.diag,1165,1166,0,0,1,1
11669,corner.diag,1166,1167,9.999999999990479,9.999999999990479,-1,-1
11679,corner.diag,1167,1168,0,0,1,1
11689,corner.diag,1168,1169,9.999999999990479,9.999999999990479,-1,-1
11699,corner.diag,1169,1170,0,0,1,1
11709,corner.diag,1170,1171,9.999999999990479,9.999999999990479,-1,-1
11719,corner.diag,1171,1172,0,0,1,1
11729,corner.diag,1172,1173,9.999999999990479,9.999999999990479,-1,-1
11739,corner.diag,1173,1174,0,0,1,1
11749,corner.diag,1174,1175,9.999999999990479,9.999999999990479,-1,-1
11759,corner.diag,1175,1176,0,0,1,1
11769,corner.diag,1176,1177,9.999999999990479,9.999999999990479,-1,-1
11779,corner.diag,1177,1178,0,0,1,1
11789,corner.diag,1178,1179,9.999999999990479,9.999999999990479,-1,-1
11799,corner.diag,1179,1180,0,0,1,1
11809,corner.diag,1180,1181,9.999999999990479,9.999999999990479,-1,-1
11819,corner.diag,1181,1182,0,0,1,1
11829,corner.diag,1182,1183,9.999999999990479,9.999999999990479,-1,-1
11839,corner.diag,1183,1184,0,0,1,1
11849,corner.diag,1184,1185,9.999999999990479,9.999999999990479,-1,-1
11859,corner.diag,1185,1186,0,0,1,1
11869,corner.diag,1186,1187,9.999999999990479,9.999999999990479,-1,-1
11879,corner.diag,1187,1188,0,0,1,1
11889,corner.diag,1188,1189,9.999999999990479,9.999999999990479,-1,-1
11899,corner.diag,1189,1190,0,0,1,1
11909,corner.diag,1190,1191,9.999999999990479,9.999999999990479,-1,-1
11919,corner.diag,1191,1192,0,0,1,1
11929,corner.diag,1192,1193,9.999999999990479,9.999999999990479,-1,-1
11939,corner.diag,1193,1194,0,0,1,1
11949,corner.diag,1194,1195,9.999999999990479,9.999999999990479,-1,-1
11959,corner.diag,1195,1196,0,0,1,1
11969,corner.diag,1196,1197,9.999999999990479,9.999999999990479,-1,-1
11979,corner.diag,1197,1198,0,0,1,1
11989,corner.diag,1198,1199,9.999999999990479,9.999999999990479,-1,-1
11999,corner.diag,1199,1200,0,0,1,1
12009,corner.diag,1200,1201,9.999999999990479,9.999999999990479,-1,-1
12019,corner.diag,1201,1202,0,0,1,1
12029,corner.diag,1202,1203,9.999999999990479,9.999999999990479,-1,-1
12039,corner.diag,1203,1204,0,0,1,1
12049,corner.diag,1204,1205,9.999999999990479,9.999999999990479,-1,-1
12059,corner.diag,1205,1206,0,0,1,1
12069,corner.diag,1206,1207,9.999999999990479,9.999999999990479,-1,-1
12079,corner.diag,1207,1208,0,0,1,1
12089,corner.diag,1208,1209,9.999999999990479,9.999999999990479,-1,-1
12099,corner.diag,1209,1210,0,0,1,1
12109,corner.diag,1210,1211,9.999999999990479,9.999999999990479,-1,-1
12119,corner.diag,1211,1212,0,0,1,1
12129,corner.diag,1212,1213,9.999999999990479,9.999999999990479,-1,-1
12139,corner.diag,1213,1214,0,0,1,1
12149,corner.diag,1214,1215,9.999999999990479,9.999999999990479,-1,-1
12159,corner.diag,1215,1216,0,0,1,1
12169,corner.diag,1216,1217,9.999999999990479,9.999999999990479,-1,-1
12179,corner.diag,1217,1218,0,0,1,1
12189,corner.diag,1218,1219,9.999999999990479,9.999999999990479,-1,-1
12199,corner.diag,1219,1220,0,0,1,1
12209,corner.diag,1220,1221,9.999999999990479,9.999999999990479,-1,-1
12219,corner.diag,1221,1222,0,0,1,1
12229,corner.diag,1222,1223,9.999999999990479,9.999999999990479,-1,-1
12239,corner.diag,1223,1224,0,0,1,1
12249,corner.diag,1224,1225,9.999999999990479,9.999999999990479,-1,-1
12259,corner.diag,1225,1226,0,0,1,1
12269,corner.diag,1226,1227,9.999999999990479,9.999999999990479,-1,-1
12279,corner.diag,1227,1228,0,0,1,1
12289,corner.diag,1228,1229,9.999999999990479,9.999999999990479,-1,-1
12299,corner.diag,1229,1230,0,0,1,1
12309,corner.diag,1230,1231,9.999999999990479,9.999999999990479,-1,-1
12319,corner.diag,1231,1232,0,0,1,1
12329,corner.diag,1232,1233,9.999999999990479,9.999999999990479,-1,-1
12339,corner.diag,1233,1234,0,0,1,1
12349,corner.diag,1234,1235,9.999999999990479,9.999999999990479,-1,-1
12359,corner.diag,1235,1236,0,0,1,1
12369,corner.diag,1236,1237,9.999999999990479,9.999999999990479,-1,-1
12379,corner.diag,1237,1238,0,0,1,1
12389,corner.diag,1238,1239,9.999999999990479,9.999999999990479,-1,-1
12399,corner.diag,1239,1240,0,0,1,1
12409,corner.diag,1240,1241,9.999999999990479,9.999999999990479,-1,-1
12419,corner.diag,1241,1242,0,0,1,1
12429,corner.diag,1242,1243,9.999999999990479,9.999999999990479,-1,-1
12439,corner.diag,1243,1244,0,0,1,1
12449,corner.diag,1244,1245,9.999999999990479,9.999999999990479,-1,-1
12459,corner.diag,1245,1246,0,0,1,1
12469,corner.diag,1246,1247,9.999999999990479,9.999999999990479,-1,-1
12479,corner.diag,1247,1248,0,0,1,1
12489,corner.diag,1248,1249,9.999999999990479,9.999999999990479,-1,-1
12499,corner.diag,1249,1250,0,0,1,1
12509,corner.diag,1250,1251,9.999999999990479,9.999999999990479,-1,-1
12519,corner.diag,1251,1252,0,0,1,1
12529,corner.diag,1252,1253,9.999999999990479,9.999999999990479,-1,-1
12539,corner.diag,1253,1254,0,0,1,1
12549,corner.diag,1254,1255,9.999999999990479,9.999999999990479,-1,-1
12559,corner.diag,1255,1256,0,0,1,1
12569,corner.diag,1256,1257,9.999999999990479,9.999999999990479,-1,-1
12579,corner.diag,1257,1258,0,0,1,1
12589,corner.diag,1258,1259,9.999999999990479,9.999999999990479,-1,-1
12599,corner.diag,1259,1260,0,0,1,1
12609,corner.diag,1260,1261,9.999999999990479,9.999999999990479,-1,-1
12619,corner.diag,1261,1262,0,0,1,1
12629,corner.diag,1262,1263,9.999999999990479,9.999999999990479,-1,-1
12639,corner.diag,1263,1264,0,0,1,1
12649,corner.diag,1264,1265,9.999999999990479,9.999999999990479,-1,-1
12659,corner.diag,1265,1266,0,0,1,1
12669,corner.diag,1266,1267,9.999999999990479,9.999999999990479,-1,-1
12679,corner.diag,1267,1268,0,0,1,1
12689,corner.diag,1268,1269,9.999999999990479,9.999999999990479,-1,-1
12699,corner.diag,1269,1270,0,0,1,1
12709,corner.diag,1270,1271,9.999999999990479,9.999999999990479,-1,-1
12719,corner.diag,1271,1272,0,0,1,1
12729,corner.diag,1272,1273,9.999999999990479,9.999999999990479,-1,-1
12739,corner.diag,1273,1274,0,0,1,1
12749,corner.diag,1274,1275,9.999999999990479,9.999999999990479,-1,-1
12759,corner.diag,1275,1276,0,0,1,1
12769,corner.diag,1276,1277,9.999999999990479,9.999999999990479,-1,-1
12779,corner.diag,1277,1278,0,0,1,1
12789,corner.diag,1278,1279,9.999999999990479,9.999999999990479,-1,-1
12799,corner.diag,1279,1280,0,0,1,1
12809,corner.diag,1280,1281,9.999999999990479,9.999999999990479,-1,-1
12819,corner.diag,1281,1282,0,0,1,1
12829,corner.diag,1282,1283,9.999999999990479,9.999999999990479,-1,-1
12839,corner.diag,1283,1284,0,0,1,1
12849,corner.diag,1284,1285,9.999999999990479,9.999999999990479,-1,-1
12859,corner.diag,1285,1286,0,0,1,1
12869,corner.diag,1286,1287,9.999999999990479,9.999999999990479,-1,-1
12879,corner.diag,1287,1288,0,0,1,1
12889,corner.diag,1288,1289,9.999999999990479,9.999999999990479,-1,-1
12899,corner.diag,1289,1290,0,0,1,1
12909,corner.diag,1290,1291,9.999999999990479,9.999999999990479,-1,-1
12919,corner.diag,1291,1292,0,0,1,1
12929,corner.diag,1292,1293,9.999999999990479,9.999999999990479,-1,-1
12939,corner.diag,1293,1294,0,0,1,1
12949,corner.diag,1294,1295,9.999999999990479,9.999999999990479,-1,-1
12959,corner.diag,1295,1296,0,0,1,1
12969,corner.diag,1296,1297,9.999999999990479,9.999999999990479,-1,-1
12979,corner.diag,1297,1298,0,0,1,1
12989,corner.diag,1298,1299,9.999999999990479,9.999999999990479,-1,-1
12999,corner.diag,1299,1300,0,0,1,1
13009,corner.diag,1300,1301,9.999999999990479,9.999999999990479,-1,-1
13019,corner.diag,1301,1302,0,0,1,1
13029,corner.diag,1302,1303,9.999999999990479,9.999999999990479,-1,-1
13039,corner.diag,1303,1304,0,0,1,1
13049,corner.diag,1304,1305,9.999999999990479,9.999999999990479,-1,-1
13059,corner.diag,1305,1306,0,0,1,1
13069,corner.diag,1306,1307,9.999999999990479,9.999999999990479,-1,-1
13079,corner.diag,1307,1308,0,0,1,1
13089,corner.diag,1308,1309,9.999999999990479,9.999999999990479,-1,-1
13099,corner.diag,1309,1310,0,0,1,1
13109,corner.diag,1310,1311,9.999999999990479,9.999999999990479,-1,-1
13119,corner.diag,1311,1312,0,0,1,1
13129,corner.diag,1312,1313,9.999999999990479,9.999999999990479,-1,-1
13139,corner.diag,1313,1314,0,0,1,1
13149,corner.diag,1314,1315,9.999999999990479,9.999999999990479,-1,-1
13159,corner.diag,1315,1316,0,0,1,1
13169,corner.diag,1316,1317,9.999999999990479,9.999999999990479,-1,-1
13179,corner.diag,1317,1318,0,0,1,1
13189,corner.diag,1318,1319,9.999999999990479,9.999999999990479,-1,-1
13199,corner.diag,1319,1320,0,0,1,1
13209,corner.diag,1320,1321,9.999999999990479,9.999999999990479,-1,-1
13219,corner.diag,1321,1322,0,0,1,1
13229,corner.diag,1322,1323,9.999999999990479,9.999999999990479,-1,-1
13239,corner.diag,1323,1324,0,0,1,1
13249,corner.diag,1324,1325,9.999999999990479,9.999999999990479,-1,-1
13259,corner.diag,1325,1326,0,0,1,1
13269,corner.diag,1326,1327,9.999999999990479,9.999999999990479,-1,-1
13279,corner.diag,1327,1328,0,0,1,1
13289,corner.diag,1328,1329,9.999999999990479,9.999999999990479,-1,-1
13299,corner.diag,1329,1330,0,0,1,1
13309,corner.diag,1330,1331,9.999999999990479,9.999999999990479,-1,-1
13319,corner.diag,1331,1332,0,0,1,1
13329,corner.diag,1332,1333,9.999999999990479,9.999999999990479,-1,-1
13339,corner.diag,1333,1334,0,0,1,1
13349,corner.diag,1334,1335,9.999999999990479,9.999999999990479,-1,-1
13359,corner.diag,1335,1336,0,0,1,1
13369,corner.diag,1336,1337,9.999999999990479,9.999999999990479,-1,-1
13379,corner.diag,1337,1338,0,0,1,1
13389,corner.diag,1338,1339,9.999999999990479,9.999999999990479,-1,-1
13399,corner.diag,1339,1340,0,0,1,1
13409,corner.diag,1340,1341,9.999999999990479,9.999999999990479,-1,-1
13419,corner.diag,1341,1342,0,0,1,1
13429,corner.diag,1342,1343,9.999999999990479,9.999999999990479,-1,-1
13439,corner.diag,1343,1344,0,0,1,1
13449,corner.diag,1344,1345,9.999999999990479,9.999999999990479,-1,-1
13459,corner.diag,1345,1346,0,0,1,1
13469,corner.diag,1346,1347,9.999999999990479,9.999999999990479,-1,-1
13479,corner.diag,1347,1348,0,0,1,1
13489,corner.diag,1348,1349,9.999999999990479,9.999999999990479,-1,-1
13499,corner.diag,1349,1350,0,0,1,1
13509,corner.diag,1350,1351,9.999999999990479,9.999999999990479,-1,-1
13519,corner.diag,1351,1352,0,0,1,1
13529,corner.diag,1352,1353,9.999999999990479,9.999999999990479,-1,-1
13539,corner.diag,1353,1354,0,0,1,1
13549,corner.diag,1354,1355,9.999999999990479,9.999999999990479,-1,-1
13559,corner.diag,1355,1356,0,0,1,1
13569,corner.diag,1356,1357,9.999999999990479,9.999999999990479,-1,-1
13579,corner.diag,1357,1358,0,0,1,1
13589,corner.diag,1358,1359,9.999999999990479,9.999999999990479,-1,-1
13599,corner.diag,1359,1360,0,0,1,1
13609,corner.diag,1360,1361,9.999999999990479,9.999999999990479,-1,-1
13619,corner.diag,1361,1362,0,0,1,1
13629,corner.diag,1362,1363,9.999999999990479,9.999999999990479,-1,-1
13639,corner.diag,1363,1364,0,0,1,1
13649,corner.diag,1364,1365,9.999999999990479,9.999999999990479,-1,-1
13659,corner.diag,1365,1366,0,0,1,1
13669,corner.diag,1366,1367,9.999999999990479,9.999999999990479,-1,-1
13679,corner.diag,1367,1368,0,0,1,1
13689,corner.diag,1368,1369,9.999999999990479,9.999999999990479,-1,-1
13699,corner.diag,1369,1370,0,0,1,1
13709,corner.diag,1370,1371,9.999999999990479,9.999999999990479,-1,-1
13719,corner.diag,1371,1372,0,0,1,1
13729,corner.diag,1372,1373,9.999999999990479,9.999999999990479,-1,-1
13739,corner.diag,1373,1374,0,0,1,1
13749,corner.diag,1374,1375,9.999999999990479,9.999999999990479,-1,-1
13759,corner.diag,1375,1376,0,0,1,1
13769,corner.diag,1376,1377,9.999999999990479,9.999999999990479,-1,-1
13779,corner.diag,1377,1378,0,0,1,1
13789,corner.diag,1378,1379,9.999999999990479,9.999999999990479,-1,-1
13799,corner.diag,1379,1380,0,0,1,1
13809,corner.diag,1380,1381,9.999999999990479,9.999999999990479,-1,-1
13819,corner.diag,1381,1382,0,0,1,1
13829,corner.diag,1382,1383,9.999999999990479,9.999999999990479,-1,-1
13839,corner.diag,1383,1384,0,0,1,1
13849,corner.diag,1384,1385,9.999999999990479,9.999999999990479,-1,-1
13859,corner.diag,1385,1386,0,0,1,1
13869,corner.diag,1386,1387,9.999999999990479,9.999999999990479,-1,-1
13879,corner.diag,1387,1388,0,0,1,1
13889,corner.diag,1388,1389,9.999999999990479,9.999999999990479,-1,-1
13899,corner.diag,1389,1390,0,0,1,1
13909,corner.diag,1390,1391,9.999999999990479,9.999999999990479,-1,-1
13919,corner.diag,1391,1392,0,0,1,1
13929,corner.diag,1392,1393,9.999999999990479,9.999999999990479,-1,-1
13939,corner.diag,1393,1394,0,0,1,1
13949,corner.diag,1394,1395,9.999999999990479,9.999999999990479,-1,-1
13959,corner.diag,1395,1396,0,0,1,1
13969,corner.diag,1396,1397,9.999999999990479,9.999999999990479,-1,-1
13979,corner.diag,1397,1398,0,0,1,1
13989,corner.diag,1398,1399,9.999999999990479,9.999999999990479,-1,-1
13999,corner.diag,1399,1400,0,0,1,1
14009,corner.diag,1400,1401,9.999999999990479,9.999999999990479,-1,-1
14019,corner.diag,1401,1402,0,0,1,1
14029,corner.diag,1402,1403,9.999999999990479,9.999999999990479,-1,-1
14039,corner.diag,1403,1404,0,0,1,1
14049,corner.diag,1404,1405,9.999999999990479,9.999999999990479,-1,-1
14059,corner.diag,1405,1406,0,0,1,1
14069,corner.diag,1406,1407,9.999999999990479,9.999999999990479,-1,-1
14079,corner.diag,1407,1408,0,0,1,1
14089,corner.diag,1408,1409,9.999999999990479,9.999999999990479,-1,-1
14099,corner.diag,1409,1410,0,0,1,1
14109,corner.diag,1410,1411,9.999999999990479,9.999999999990479,-1,-1
14119,corner.diag,1411,1412,0,0,1,1
14129,corner.diag,1412,1413,9.999999999990479,9.999999999990479,-1,-1
14139,corner.diag,1413,1414,0,0,1,1
14149,corner.diag,1414,1415,9.999999999990479,9.999999999990479,-1,-1
14159,corner.diag,1415,1416,0,0,1,1
14169,corner.diag,1416,1417,9.999999999990479,9.999999999990479,-1,-1
14179,corner.diag,1417,1418,0,0,1,1
14189,corner.diag,1418,1419,9.999999999990479,9.999999999990479,-1,-1
14199,corner.diag,1419,1420,0,0,1,1
14209,corner.diag,1420,1421,9.999999999990479,9.999999999990479,-1,-1
14219,corner.diag,1421,1422,0,0,1,1
14229,corner.diag,1422,1423,9.999999999990479,9.999999999990479,-1,-1
14239,corner.diag,1423,1424,0,0,1,1
14249,corner.diag,1424,1425,9.999999999990479,9.999999999990479,-1,-1
14259,corner.diag,1425,1426,0,0,1,1
14269,corner.diag,1426,1427,9.999999999990479,9.999999999990479,-1,-1
14279,corner.diag,1427,1428,0,0,1,1
14289,corner.diag,1428,1429,9.999999999990479,9.999999999990479,-1,-1
14299,corner.diag,1429,1430,0,0,1,1
14309,corner.diag,1430,1431,9.999999999990479,9.999999999990479,-1,-1
14319,corner.diag,1431,1432,0,0,1,1
14329,corner.diag,1432,1433,9.999999999990479,9.999999999990479,-1,-1
14339,corner.diag,1433,1434,0,0,1,1
14349,corner.diag,1434,1435,9.999999999990479,9.999999999990479,-1,-1
14359,corner.diag,1435,1436,0,0,1,1
14369,corner.diag,1436,1437,9.999999999990479,9.999999999990479,-1,-1
14379,corner.diag,1437,1438,0,0,1,1
14389,corner.diag,1438,1439,9.999999999990479,9.999999999990479,-1,-1
14399,corner.diag,1439,1440,0,0,1,1
14409,corner.diag,1440,1441,9.999999999990479,9.999999999990479,-1,-1
14419,corner.diag,1441,1442,0,0,1,1
14429,corner.diag,1442,1443,9.999999999990479,9.999999999990479,-1,-1
14439,corner.diag,1443,1444,0,0,1,1
14449,corner.diag,1444,1445,9.999999999990479,9.999999999990479,-1,-1
14459,corner.diag,1445,1446,0,0,1,1
14469,corner.diag,1446,1447,9.999999999990479,9.999999999990479,-1,-1
14479,corner.diag,1447,1448,0,0,1,1
14489,corner.diag,1448,1449,9.999999999990479,9.999999999990479,-1,-1
14499,corner.diag,1449,1450,0,0,1,1
14509,corner.diag,1450,1451,9.999999999990479,9.999999999990479,-1,-1
14519,corner.diag,1451,1452,0,0,1,1
14529,corner.diag,1452,1453,9.999999999990479,9.999999999990479,-1,-1
14539,corner.diag,1453,1454,0,0,1,1
14549,corner.diag,1454,1455,9.999999999990479,9.999999999990479,-1,-1
14559,corner.diag,1455,1456,0,0,1,1
14569,corner.diag,1456,1457,9.999999999990479,9.999999999990479,-1,-1
14579,corner.diag,1457,1458,0,0,1,1
14589,corner.diag,1458,1459,9.999999999990479,9.999999999990479,-1,-1
14599,corner.diag,1459,1460,0,0,1,1
14609,corner.diag,1460,1461,9.999999999990479,9.999999999990479,-1,-1
14619,corner.diag,1461,1462,0,0,1,1
14629,corner.diag,1462,1463,9.999999999990479,9.999999999990479,-1,-1
14639,corner.diag,1463,1464,0,0,1,1
14649,corner.diag,1464,1465,9.999999999990479,9.999999999990479,-1,-1
14659,corner.diag,1465,1466,0,0,1,1
14669,corner.diag,1466,1467,9.999999999990479,9.999999999990479,-1,-1
14679,corner.diag,1467,1468,0,0,1,1
14689,corner.diag,1468,1469,9.999999999990479,9.999999999990479,-1,-1
14699,corner.diag,1469,1470,0,0,1,1
14709,corner.diag,1470,1471,9.999999999990479,9.999999999990479,-1,-1
14719,corner.diag,1471,1472,0,0,1,1
14729,corner.diag,1472,1473,9.999999999990479,9.999999999990479,-1,-1
14739,corner.diag,1473,1474,0,0,1,1
14749,corner.diag,1474,1475,9.999999999990479,9.999999999990479,-1,-1
14759,corner.diag,1475,1476,0,0,1,1
14769,corner.diag,1476,1477,9.999999999990479,9.999999999990479,-1,-1
14779,corner.diag,1477,1478,0,0,1,1
14789,corner.diag,1478,1479,9.999999999990479,9.999999999990479,-1,-1
14799,corner.diag,1479,1480,0,0,1,1
14809,corner.diag,1480,1481,9.999999999990479,9.999999999990479,-1,-1
14819,corner.diag,1481,1482,0,0,1,1
14829,corner.diag,1482,1483,9.999999999990479,9.999999999990479,-1,-1
14839,corner.diag,1483,1484,0,0,1,1
14849,corner.diag,1484,1485,9.999999999990479,9.999999999990479,-1,-1
14859,corner.diag,1485,1486,0,0,1,1
14869,corner.diag,1486,1487,9.999999999990479,9.999999999990479,-1,-1
14879,corner.diag,1487,1488,0,0,1,1
14889,corner.diag,1488,1489,9.999999999990479,9.999999999990479,-1,-1
14899,corner.diag,1489,1490,0,0,1,1
14909,corner.diag,1490,1491,9.999999999990479,9.999999999990479,-1,-1
14919,corner.diag,1491,1492,0,0,1,1
14929,corner.diag,1492,1493,9.999999999990479,9.999999999990479,-1,-1
14939,corner.diag,1493,1494,0,0,1,1
14949,corner.diag,1494,1495,9.999999999990479,9.999999999990479,-1,-1
14959,corner.diag,1495,1496,0,0,1,1
14969,corner.diag,1496,1497,9.999999999990479,9.999999999990479,-1,-1
14979,corner.diag,1497,1498,0,0,1,1
14989,corner.diag,1498,1499,9.999999999990479,9.999999999990479,-1,-1
14999,corner.diag,1499,1500,0,0,1,1
15009,corner.diag,1500,1501,9.999999999990479,9.999999999990479,-1,-1
15019,corner.diag,1501,1502,0,0,1,1
15029,corner.diag,1502,1503,9.999999999990479,9.999999999990479,-1,-1
15039,corner.diag,1503,1504,0,0,1,1
15049,corner.diag,1504,1505,9.999999999990479,9.999999999990479,-1,-1
15059,corner.diag,1505,1506,0,0,1,1
15069,corner.diag,1506,1507,9.999999999990479,9.999999999990479,-1,-1
15079,corner.diag,1507,1508,0,0,1,1
15089,corner.diag,1508,1509,9.999999999990479,9.999999999990479,-1,-1
15099,corner.diag,1509,1510,0,0,1,1
15109,corner.diag,1510,1511,9.999999999990479,9.999999999990479,-1,-1
15119,corner.diag,1511,1512,0,0,1,1
15129,corner.diag,1512,1513,9.999999999990479,9.999999999990479,-1,-1
15139,corner.diag,1513,1514,0,0,1,1
15149,corner.diag,1514,1515,9.999999999990479,9.999999999990479,-1,-1
15159,corner.diag,1515,1516,0,0,1,1
15169,corner.diag,1516,1517,9.999999999990479,9.999999999990479,-1,-1
15179,corner.diag,1517,1518,0,0,1,1
15189,corner.diag,1518,1519,9.999999999990479,9.999999999990479,-1,-1
15199,corner.diag,1519,1520,0,0,1,1
15209,corner.diag,1520,1521,9.999999999990479,9.999999999990479,-1,-1
15219,corner.diag,1521,1522,0,0,1,1
15229,corner.diag,1522,1523,9.999999999990479,9.999999999990479,-1,-1
15239,corner.diag,1523,1524,0,0,1,1
15249,corner.diag,1524,1525,9.999999999990479,9.999999999990479,-1,-1
15259,corner.diag,1525,1526,0,0,1,1
15269,corner.diag,1526,1527,9.999999999990479,9.999999999990479,-1,-1
15279,corner.diag,1527,1528,0,0,1,1
15289,corner.diag,1528,1529,9.999999999990479,9.999999999990479,-1,-1
15299,corner.diag,1529,1530,0,0,1,1
15309,corner.diag,1530,1531,9.999999999990479,9.999999999990479,-1,-1
15319,corner.diag,1531,1532,0,0,1,1
15329,corner.diag,1532,1533,9.999999999990479,9.999999999990479,-1,-1
15339,corner.diag,1533,1534,0,0,1,1
15349,corner.diag,1534,1535,9.999999999990479,9.999999999990479,-1,-1
15359,corner.diag,1535,1536,0,0,1,1
15369,corner.diag,1536,1537,9.999999999990479,9.999999999990479,-1,-1
15379,corner.diag,1537,1538,0,0,1,1
15389,corner.diag,1538,1539,9.999999999990479,9.999999999990479,-1,-1
15399,corner.diag,1539,1540,0,0,1,1
15409,corner.diag,1540,1541,9.999999999990479,9.999999999990479,-1,-1
15419,corner.diag,1541,1542,0,0,1,1
15429,corner.diag,1542,1543,9.999999999990479,9.999999999990479,-1,-1
15439,corner.diag,1543,1544,0,0,1,1
15449,corner.diag,1544,1545,9.999999999990479,9.999999999990479,-1,-1
15459,corner.diag,1545,1546,0,0,1,1
15469,corner.diag,1546,1547,9.999999999990479,9.999999999990479,-1,-1
15479,corner.diag,1547,1548,0,0,1,1
15489,corner.diag,1548,1549,9.999999999990479,9.999999999990479,-1,-1
15499,corner.diag,1549,1550,0,0,1,1
15509,corner.diag,1550,1551,9.999999999990479,9.999999999990479,-1,-1
15519,corner.diag,1551,1552,0,0,1,1
15529,corner.diag,1552,1553,9.999999999990479,9.999999999990479,-1,-1
15539,corner.diag,1553,1554,0,0,1,1
15549,corner.diag,1554,1555,9.999999999990479,9.999999999990479,-1,-1
15559,corner.diag,1555,1556,0,0,1,1
15569,corner.diag,1556,1557,9.999999999990479,9.999999999990479,-1,-1
15579,corner.diag,1557,1558,0,0,1,1
15589,corner.diag,1558,1559,9.999999999990479,9.999999999990479,-1,-1
15599,corner.diag,1559,1560,0,0,1,1
15609,corner.diag,1560,1561,9.999999999990479,9.999999999990479,-1,-1
15619,corner.diag,1561,1562,0,0,1,1
15629,corner.diag,1562,1563,9.999999999990479,9.999999999990479,-1,-1
15639,corner.diag,1563,1564,0,0,1,1
15649,corner.diag,1564,1565,9.999999999990479,9.999999999990479,-1,-1
15659,corner.diag,1565,1566,0,0,1,1
15669,corner.diag,1566,1567,9.999999999990479,9.999999999990479,-1,-1
15679,corner.diag,1567,1568,0,0,1,1
15689,corner.diag,1568,1569,9.999999999990479,9.999999999990479,-1,-1
15699,corner.diag,1569,1570,0,0,1,1
15709,corner.diag,1570,1571,9.999999999990479,9.999999999990479,-1,-1
15719,corner.diag,1571,1572,0,0,1,1
15729,corner.diag,1572,1573,9.999999999990479,9.999999999990479,-1,-1
15739,corner.diag,1573,1574,0,0,1,1
15749,corner.diag,1574,1575,9.999999999990479,9.999999999990479,-1,-1
15759,corner.diag,1575,1576,0,0,1,1
15769,corner.diag,1576,1577,9.999999999990479,9.999999999990479,-1,-1
15779,corner.diag,1577,1578,0,0,1,1
15789,corner.diag,1578,1579,9.999999999990479,9.999999999990479,-1,-1
15799,corner.diag,1579,1580,0,0,1,1
15809,corner.diag,1580,1581,9.999999999990479,9.999999999990479,-1,-1
15819,corner.diag,1581,1582,0,0,1,1
15829,corner.diag,1582,1583,9.999999999990479,9.999999999990479,-1,-1
15839,corner.diag,1583,1584,0,0,1,1
15849,corner.diag,1584,1585,9.999999999990479,9.999999999990479,-1,-1
15859,corner.diag,1585,1586,0,0,1,1
15869,corner.diag,1586,1587,9.999999999990479,9.999999999990479,-1,-1
15879,corner.diag,1587,1588,0,0,1,1
15889,corner.diag,1588,1589,9.999999999990479,9.999999999990479,-1,-1
15899,corner.diag,1589,1590,0,0,1,1
15909,corner.diag,1590,1591,9.999999999990479,9.999999999990479,-1,-1
15919,corner.diag,1591,1592,0,0,1,1
15929,corner.diag,1592,1593,9.999999999990479,9.999999999990479,-1,-1
15939,corner.diag,1593,1594,0,0,1,1
15949,corner.diag,1594,1595,9.999999999990479,9.999999999990479,-1,-1
15959,corner.diag,1595,1596,0,0,1,1
15969,corner.diag,1596,1597,9.999999999990479,9.999999999990479,-1,-1
15979,corner.diag,1597,1598,0,0,1,1
15989,corner.diag,1598,1599,9.999999999990479,9.999999999990479,-1,-1
15999,corner.diag,1599,1600,0,0,1,1
16009,corner.diag,1600,1601,9.999999999990479,9.999999999990479,-1,-1
16019,corner.diag,1601,1602,0,0,1,1
16029,corner.diag,1602,1603,9.999999999990479,9.999999999990479,-1,-1
16039,corner.diag,1603,1604,0,0,1,1
16049,corner.diag,1604,1605,9.999999999990479,9.999999999990479,-1,-1
16059,corner.diag,1605,1606,0,0,1,1
16069,corner.diag,1606,1607,9.999999999990479,9.999999999990479,-1,-1
16079,corner.diag,1607,1608,0,0,1,1
16089,corner.diag,1608,1609,9.999999999990479,9.999999999990479,-1,-1
16099,corner.diag,1609,1610,0,0,1,1
16109,corner.diag,1610,1611,9.999999999990479,9.999999999990479,-1,-1
16119,corner.diag,1611,1612,0,0,1,1
16129,corner.diag,1612,1613,9.999999999990479,9.999999999990479,-1,-1
16139,corner.diag,1613,1614,0,0,1,1
16149,corner.diag,1614,1615,9.999999999990479,9.999999999990479,-1,-1
16159,corner.diag,1615,1616,0,0,1,1
16169,corner.diag,1616,1617,9.999999999990479,9.999999999990479,-1,-1
16179,corner.diag,1617,1618,0,0,1,1
16189,corner.diag,1618,1619,9.999999999990479,9.999999999990479,-1,-1
16199,corner.diag,1619,1620,0,0,1,1
16209,corner.diag,1620,1621,9.999999999990479,9.999999999990479,-1,-1
16219,corner.diag,1621,1622,0,0,1,1
16229,corner.diag,1622,1623,9.999999999990479,9.999999999990479,-1,-1
16239,corner.diag,1623,1624,0,0,1,1
16249,corner.diag,1624,1625,9.999999999990479,9.999999999990479,-1,-1
16259,corner.diag,1625,1626,0,0,1,1
16269,corner.diag,1626,1627,9.999999999990479,9.999999999990479,-1,-1
16279,corner.diag,1627,1628,0,0,1,1
16289,corner.diag,1628,1629,9.999999999990479,9.999999999990479,-1,-1
16299,corner.diag,1629,1630,0,0,1,1
16309,corner.diag,1630,1631,9.999999999990479,9.999999999990479,-1,-1
16319,corner.diag,1631,1632,0,0,1,1
16329,corner.diag,1632,1633,9.999999999990479,9.999999999990479,-1,-1
16339,corner.diag,1633,1634,0,0,1,1
16349,corner.diag,1634,1635,9.999999999990479,9.999999999990479,-1,-1
16359,corner.diag,1635,1636,0,0,1,1
16369,corner.diag,1636,1637,9.999999999990479,9.999999999990479,-1,-1
16379,corner.diag,1637,1638,0,0,1,1
16389,corner.diag,1638,1639,9.999999999990479,9.999999999990479,-1,-1
16399,corner.diag,1639,1640,0,0,1,1
16409,corner.diag,1640,1641,9.999999999990479,9.999999999990479,-1,-1
16419,corner.diag,1641,1642,0,0,1,1
16429,corner.diag,1642,1643,9.999999999990479,9.999999999990479,-1,-1
16439,corner.diag,1643,1644,0,0,1,1
16449,corner.diag,1644,1645,9.999999999990479,9.999999999990479,-1,-1
16459,corner.diag,1645,1646,0,0,1,1
16469,corner.diag,1646,1647,9.999999999990479,9.999999999990479,-1,-1
16479,corner.diag,1647,1648,0,0,1,1
16489,corner.diag,1648,1649,9.999999999990479,9.999999999990479,-1,-1
16499,corner.diag,1649,1650,0,0,1,1
16509,corner.diag,1650,1651,9.999999999990479,9.999999999990479,-1,-1
16519,corner.diag,1651,1652,0,0,1,1
16529,corner.diag,1652,1653,9.999999999990479,9.999999999990479,-1,-1
16539,corner.diag,1653,1654,0,0,1,1
16549,corner.diag,1654,1655,9.999999999990479,9.999999999990479,-1,-1
16559,corner.diag,1655,1656,0,0,1,1
16569,corner.diag,1656,1657,9.999999999990479,9.999999999990479,-1,-1
16579,corner.diag,1657,1658,0,0,1,1
16589,corner.diag,1658,1659,9.999999999990479,9.999999999990479,-1,-1
16599,corner.diag,1659,1660,0,0,1,1
16609,corner.diag,1660,1661,9.999999999990479,9.999999999990479,-1,-1
16619,corner.diag,1661,1662,0,0,1,1
16629,corner.diag,1662,1663,9.999999999990479,9.999999999990479,-1,-1
16639,corner.diag,1663,1664,0,0,1,1
16649,corner.diag,1664,1665,9.999999999990479,9.999999999990479,-1,-1
16659,corner.diag,1665,1666,0,0,1,1
16669,corner.diag,1666,1667,9.999999999990479,9.999999999990479,-1,-1
16679,corner.diag,1667,1668,0,0,1,1
16689,corner.diag,1668,1669,9.999999999990479,9.999999999990479,-1,-1
16699,corner.diag,1669,1670,0,0,1,1
16709,corner.diag,1670,1671,9.999999999990479,9.999999999990479,-1,-1
16719,corner.diag,1671,1672,0,0,1,1
16729,corner.diag,1672,1673,9.999999999990479,9.999999999990479,-1,-1
16739,corner.diag,1673,1674,0,0,1,1
16749,corner.diag,1674,1675,9.999999999990479,9.999999999990479,-1,-1
16759,corner.diag,1675,1676,0,0,1,1
16769,corner.diag,1676,1677,9.999999999990479,9.999999999990479,-1,-1
16779,corner.diag,1677,1678,0,0,1,1
16789,corner.diag,1678,1679,9.999999999990479,9.999999999990479,-1,-1
16799,corner.diag,1679,1680,0,0,1,1
16809,corner.diag,1680,1681,9.999999999990479,9.999999999990479,-1,-1
16819,corner.diag,1681,1682,0,0,1,1
16829,corner.diag,1682,1683,9.999999999990479,9.999999999990479,-1,-1
16839,corner.diag,1683,1684,0,0,1,1
16849,corner.diag,1684,1685,9.999999999990479,9.999999999990479,-1,-1
16859,corner.diag,1685,1686,0,0,1,1
16869,corner.diag,1686,1687,9.999999999990479,9.999999999990479,-1,-1
16879,corner.diag,1687,1688,0,0,1,1
16889,corner.diag,1688,1689,9.999999999990479,9.999999999990479,-1,-1
16899,corner.diag,1689,1690,0,0,1,1
16909,corner.diag,1690,1691,9.999999999990479,9.999999999990479,-1,-1
16919,corner.diag,1691,1692,0,0,1,1
16929,corner.diag,1692,1693,9.999999999990479,9.999999999990479,-1,-1
16939,corner.diag,1693,1694,0,0,1,1
16949,corner.diag,1694,1695,9.999999999990479,9.999999999990479,-1,-1
16959,corner.diag,1695,1696,0,0,1,1
16969,corner.diag,1696,1697,9.999999999990479,9.999999999990479,-1,-1
16979,corner.diag,1697,1698,0,0,1,1
16989,corner.diag,1698,1699,9.999999999990479,9.999999999990479,-1,-1
16999,corner.diag,1699,1700,0,0,1,1
17009,corner.diag,1700,1701,9.999999999990479,9.999999999990479,-1,-1
17019,corner.diag,1701,1702,0,0,1,1
17029,corner.diag,1702,1703,9.999999999990479,9.999999999990479,-1,-1
17039,corner.diag,1703,1704,0,0,1,1
17049,corner.diag,1704,1705,9.999999999990479,9.999999999990479,-1,-1
17059,corner.diag,1705,1706,0,0,1,1
17069,corner.diag,1706,1707,9.999999999990479,9.999999999990479,-1,-1
17079,corner.diag,1707,1708,0,0,1,1
17089,corner.diag,1708,1709,9.999999999990479,9.999999999990479,-1,-1
17099,corner.diag,1709,1710,0,0,1,1
17109,corner.diag,1710,1711,9.999999999990479,9.999999999990479,-1,-1
17119,corner.diag,1711,1712,0,0,1,1
17129,corner.diag,1712,1713,9.999999999990479,9.999999999990479,-1,-1
17139,corner.diag,1713,1714,0,0,1,1
17149,corner.diag,1714,1715,9.999999999990479,9.999999999990479,-1,-1
17159,corner.diag,1715,1716,0,0,1,1
17169,corner.diag,1716,1717,9.999999999990479,9.999999999990479,-1,-1
17179,corner.diag,1717,1718,0,0,1,1
17189,corner.diag,1718,1719,9.999999999990479,9.999999999990479,-1,-1
17199,corner.diag,1719,1720,0,0,1,1
17209,corner.diag,1720,1721,9.999999999990479,9.999999999990479,-1,-1
17219,corner.diag,1721,1722,0,0,1,1
17229,corner.diag,1722,1723,9.999999999990479,9.999999999990479,-1,-1
17239,corner.diag,1723,1724,0,0,1,1
17249,corner.diag,1724,1725,9.999999999990479,9.999999999990479,-1,-1
17259,corner.diag,1725,1726,0,0,1,1
17269,corner.diag,1726,1727,9.999999999990479,9.999999999990479,-1,-1
17279,corner.diag,1727,1728,0,0,1,1
17289,corner.diag,1728,1729,9.999999999990479,9.999999999990479,-1,-1
17299,corner.diag,1729,1730,0,0,1,1
17309,corner.diag,1730,1731,9.999999999990479,9.999999999990479,-1,-1
17319,corner.diag,1731,1732,0,0,1,1
17329,corner.diag,1732,1733,9.999999999990479,9.999999999990479,-1,-1
17339,corner.diag,1733,1734,0,0,1,1
17349,corner.diag,1734,1735,9.999999999990479,9.999999999990479,-1,-1
17359,corner.diag,1735,1736,0,0,1,1
17369,corner.diag,1736,1737,9.999999999990479,9.999999999990479,-1,-1
17379,corner.diag,1737,1738,0,0,1,1
17389,corner.diag,1738,1739,9.999999999990479,9.999999999990479,-1,-1
17399,corner.diag,1739,1740,0,0,1,1
17409,corner.diag,1740,1741,9.999999999990479,9.999999999990479,-1,-1
17419,corner.diag,1741,1742,0,0,1,1
17429,corner.diag,1742,1743,9.999999999990479,9.999999999990479,-1,-1
17439,corner.diag,1743,1744,0,0,1,1
17449,corner.diag,1744,1745,9.999999999990479,9.999999999990479,-1,-1
17459,corner.diag,1745,1746,0,0,1,1
17469,corner.diag,1746,1747,9.999999999990479,9.999999999990479,-1,-1
17479,corner.diag,1747,1748,0,0,1,1
17489,corner.diag,1748,1749,9.999999999990479,9.999999999990479,-1,-1
17499,corner.diag,1749,1750,0,0,1,1
17509,corner.diag,1750,1751,9.999999999990479,9.999999999990479,-1,-1
17519,corner.diag,1751,1752,0,0,1,1
17529,corner.diag,1752,1753,9.999999999990479,9.999999999990479,-1,-1
17539,corner.diag,1753,1754,0,0,1,1
17549,corner.diag,1754,1755,9.999999999990479,9.999999999990479,-1,-1
17559,corner.diag,1755,1756,0,0,1,1
17569,corner.diag,1756,1757,9.999999999990479,9.999999999990479,-1,-1
17579,corner.diag,1757,1758,0,0,1,1
17589,corner.diag,1758,1759,9.999999999990479,9.999999999990479,-1,-1
17599,corner.diag,1759,1760,0,0,1,1
17609,corner.diag,1760,1761,9.999999999990479,9.999999999990479,-1,-1
17619,corner.diag,1761,1762,0,0,1,1
17629,corner.diag,1762,1763,9.999999999990479,9.999999999990479,-1,-1
17639,corner.diag,1763,1764,0,0,1,1
17649,corner.diag,1764,1765,9.999999999990479,9.999999999990479,-1,-1
17659,corner.diag,1765,1766,0,0,1,1
17669,corner.diag,1766,1767,9.999999999990479,9.999999999990479,-1,-1
17679,corner.diag,1767,1768,0,0,1,1
17689,corner.diag,1768,1769,9.999999999990479,9.999999999990479,-1,-1
17699,corner.diag,1769,1770,0,0,1,1
17709,corner.diag,1770,1771,9.999999999990479,9.999999999990479,-1,-1
17719,corner.diag,1771,1772,0,0,1,1
17729,corner.diag,1772,1773,9.999999999990479,9.999999999990479,-1,-1
17739,corner.diag,1773,1774,0,0,1,1
17749,corner.diag,1774,1775,9.999999999990479,9.999999999990479,-1,-1
17759,corner.diag,1775,1776,0,0,1,1
17769,corner.diag,1776,1777,9.999999999990479,9.999999999990479,-1,-1
17779,corner.diag,1777,1778,0,0,1,1
17789,corner.diag,1778,1779,9.999999999990479,9.999999999990479,-1,-1
17799,corner.diag,1779,1780,0,0,1,1
17809,corner.diag,1780,1781,9.999999999990479,9.999999999990479,-1,-1
17819,corner.diag,1781,1782,0,0,1,1
17829,corner.diag,1782,1783,9.999999999990479,9.999999999990479,-1,-1
17839,corner.diag,1783,1784,0,0,1,1
17849,corner.diag,1784,1785,9.999999999990479,9.999999999990479,-1,-1
17859,corner.diag,1785,1786,0,0,1,1
17869,corner.diag,1786,1787,9.999999999990479,9.999999999990479,-1,-1
17879,corner.diag,1787,1788,0,0,1,1
17889,corner.diag,1788,1789,9.999999999990479,9.999999999990479,-1,-1
17899,corner.diag,1789,1790,0,0,1,1
17909,corner.diag,1790,1791,9.999999999990479,9.999999999990479,-1,-1
17919,corner.diag,1791,1792,0,0,1,1
17929,corner.diag,1792,1793,9.999999999990479,9.999999999990479,-1,-1
17939,corner.diag,1793,1794,0,0,1,1
17949,corner.diag,1794,1795,9.999999999990479,9.999999999990479,-1,-1
17959,corner.diag,1795,1796,0,0,1,1
17969,corner.diag,1796,1797,9.999999999990479,9.999999999990479,-1,-1
17979,corner.diag,1797,1798,0,0,1,1
17989,corner.diag,1798,1799,9.999999999990479,9.999999999990479,-1,-1
17999,corner.diag,1799,1800,0,0,1,1
18009,corner.diag,1800,1801,9.999999999990479,9.999999999990479,-1,-1
18019,corner.diag,1801,1802,0,0,1,1
18029,corner.diag,1802,1803,9.999999999990479,9.999999999990479,-1,-1
18039,corner.diag,1803,1804,0,0,1,1
18049,corner.diag,1804,1805,9.999999999990479,9.999999999990479,-1,-1
18059,corner.diag,1805,1806,0,0,1,1
18069,corner.diag,1806,1807,9.999999999990479,9.999999999990479,-1,-1
18079,corner.diag,1807,1808,0,0,1,1
18089,corner.diag,1808,1809,9.999999999990479,9.999999999990479,-1,-1
18099,corner.diag,1809,1810,0,0,1,1
18109,corner.diag,1810,1811,9.999999999990479,9.999999999990479,-1,-1
18119,corner.diag,1811,1812,0,0,1,1
18129,corner.diag,1812,1813,9.999999999990479,9.999999999990479,-1,-1
18139,corner.diag,1813,1814,0,0,1,1
18149,corner.diag,1814,1815,9.999999999990479,9.999999999990479,-1,-1
18159,corner.diag,1815,1816,0,0,1,1
18169,corner.diag,1816,1817,9.999999999990479,9.999999999990479,-1,-1
18179,corner.diag,1817,1818,0,0,1,1
18189,corner.diag,1818,1819,9.999999999990479,9.999999999990479,-1,-1
18199,corner.diag,1819,1820,0,0,1,1
18209,corner.diag,1820,1821,9.999999999990479,9.999999999990479,-1,-1
18219,corner.diag,1821,1822,0,0,1,1
18229,corner.diag,1822,1823,9.999999999990479,9.999999999990479,-1,-1
18239,corner.diag,1823,1824,0,0,1,1
18249,corner.diag,1824,1825,9.999999999990479,9.999999999990479,-1,-1
18259,corner.diag,1825,1826,0,0,1,1
18269,corner.diag,1826,1827,9.999999999990479,9.999999999990479,-1,-1
18279,corner.diag,1827,1828,0,0,1,1
18289,corner.diag,1828,1829,9.999999999990479,9.999999999990479,-1,-1
18299,corner.diag,1829,1830,0,0,1,1
18309,corner.diag,1830,1831,9.999999999990479,9.999999999990479,-1,-1
18319,corner.diag,1831,1832,0,0,1,1
18329,corner.diag,1832,1833,9.999999999990479,9.999999999990479,-1,-1
18339,corner.diag,1833,1834,0,0,1,1
18349,corner.diag,1834,1835,9.999999999990479,9.999999999990479,-1,-1
18359,corner.diag,1835,1836,0,0,1,1
18369,corner.diag,1836,1837,9.999999999990479,9.999999999990479,-1,-1
18379,corner.diag,1837,1838,0,0,1,1
18389,corner.diag,1838,1839,9.999999999990479,9.999999999990479,-1,-1
18399,corner.diag,1839,1840,0,0,1,1
18409,corner.diag,1840,1841,9.999999999990479,9.999999999990479,-1,-1
18419,corner.diag,1841,1842,0,0,1,1
18429,corner.diag,1842,1843,9.999999999990479,9.999999999990479,-1,-1
18439,corner.diag,1843,1844,0,0,1,1
18449,corner.diag,1844,1845,9.999999999990479,9.999999999990479,-1,-1
18459,corner.diag,1845,1846,0,0,1,1
18469,corner.diag,1846,1847,9.999999999990479,9.999999999990479,-1,-1
18479,corner.diag,1847,1848,0,0,1,1
18489,corner.diag,1848,1849,9.999999999990479,9.999999999990479,-1,-1
18499,corner.diag,1849,1850,0,0,1,1
18509,corner.diag,1850,1851,9.999999999990479,9.999999999990479,-1,-1
18519,corner.diag,1851,1852,0,0,1,1
18529,corner.diag,1852,1853,9.999999999990479,9.999999999990479,-1,-1
18539,corner.diag,1853,1854,0,0,1,1
18549,corner.diag,1854,1855,9.999999999990479,9.999999999990479,-1,-1
18559,corner.diag,1855,1856,0,0,1,1
18569,corner.diag,1856,1857,9.999999999990479,9.999999999990479,-1,-1
18579,corner.diag,1857,1858,0,0,1,1
18589,corner.diag,1858,1859,9.999999999990479,9.999999999990479,-1,-1
18599,corner.diag,1859,1860,0,0,1,1
18609,corner.diag,1860,1861,9.999999999990479,9.999999999990479,-1,-1
18619,corner.diag,1861,1862,0,0,1,1
18629,corner.diag,1862,1863,9.999999999990479,9.999999999990479,-1,-1
18639,corner.diag,1863,1864,0,0,1,1
18649,corner.diag,1864,1865,9.999999999990479,9.999999999990479,-1,-1
18659,corner.diag,1865,1866,0,0,1,1
18669,corner.diag,1866,1867,9.999999999990479,9.999999999990479,-1,-1
18679,corner.diag,1867,1868,0,0,1,1
18689,corner.diag,1868,1869,9.999999999990479,9.999999999990479,-1,-1
18699,corner.diag,1869,1870,0,0,1,1
18709,corner.diag,1870,1871,9.999999999990479,9.999999999990479,-1,-1
18719,corner.diag,1871,1872,0,0,1,1
18729,corner.diag,1872,1873,9.999999999990479,9.999999999990479,-1,-1
18739,corner.diag,1873,1874,0,0,1,1
18749,corner.diag,1874,1875,9.999999999990479,9.999999999990479,-1,-1
18759,corner.diag,1875,1876,0,0,1,1
18769,corner.diag,1876,1877,9.999999999990479,9.999999999990479,-1,-1
18779,corner.diag,1877,1878,0,0,1,1
18789,corner.diag,1878,1879,9.999999999990479,9.999999999990479,-1,-1
18799,corner.diag,1879,1880,0,0,1,1
18809,corner.diag,1880,1881,9.999999999990479,9.999999999990479,-1,-1
18819,corner.diag,1881,1882,0,0,1,1
18829,corner.diag,1882,1883,9.999999999990479,9.999999999990479,-1,-1
18839,corner.diag,1883,1884,0,0,1,1
18849,corner.diag,1884,1885,9.999999999990479,9.999999999990479,-1,-1
18859,corner.diag,1885,1886,0,0,1,1
18869,corner.diag,1886,1887,9.999999999990479,9.999999999990479,-1,-1
18879,corner.diag,1887,1888,0,0,1,1
18889,corner.diag,1888,1889,9.999999999990479,9.999999999990479,-1,-1
18899,corner.diag,1889,1890,0,0,1,1
18909,corner.diag,1890,1891,9.999999999990479,9.999999999990479,-1,-1
18919,corner.diag,1891,1892,0,0,1,1
18929,corner.diag,1892,1893,9.999999999990479,9.999999999990479,-1,-1
18939,corner.diag,1893,1894,0,0,1,1
18949,corner.diag,1894,1895,9.999999999990479,9.999999999990479,-1,-1
18959,corner.diag,1895,1896,0,0,1,1
18969,corner.diag,1896,1897,9.999999999990479,9.999999999990479,-1,-1
18979,corner.diag,1897,1898,0,0,1,1
18989,corner.diag,1898,1899,9.999999999990479,9.999999999990479,-1,-1
18999,corner.diag,1899,1900,0,0,1,1
19009,corner.diag,1900,1901,9.999999999990479,9.999999999990479,-1,-1
19019,corner.diag,1901,1902,0,0,1,1
19029,corner.diag,1902,1903,9.999999999990479,9.999999999990479,-1,-1
19039,corner.diag,1903,1904,0,0,1,1
19049,corner.diag,1904,1905,9.999999999990479,9.999999999990479,-1,-1
19059,corner.diag,1905,1906,0,0,1,1
19069,corner.diag,1906,1907,9.999999999990479,9.999999999990479,-1,-1
19079,corner.diag,1907,1908,0,0,1,1
19089,corner.diag,1908,1909,9.999999999990479,9.999999999990479,-1,-1
19099,corner.diag,1909,1910,0,0,1,1
19109,corner.diag,1910,1911,9.999999999990479,9.999999999990479,-1,-1
19119,corner.diag,1911,1912,0,0,1,1
19129,corner.diag,1912,1913,9.999999999990479,9.999999999990479,-1,-1
19139,corner.diag,1913,1914,0,0,1,1
19149,corner.diag,1914,1915,9.999999999990479,9.999999999990479,-1,-1
19159,corner.diag,1915,1916,0,0,1,1
19169,corner.diag,1916,1917,9.999999999990479,9.999999999990479,-1,-1
19179,corner.diag,1917,1918,0,0,1,1
19189,corner.diag,1918,1919,9.999999999990479,9.999999999990479,-1,-1
19199,corner.diag,1919,1920,0,0,1,1
19209,corner.diag,1920,1921,9.999999999990479,9.999999999990479,-1,-1
19219,corner.diag,1921,1922,0,0,1,1
19229,corner.diag,1922,1923,9.999999999990479,9.999999999990479,-1,-1
19239,corner.diag,1923,1924,0,0,1,1
19249,corner.diag,1924,1925,9.999999999990479,9.999999999990479,-1,-1
19259,corner.diag,1925,1926,0,0,1,1
19269,corner.diag,1926,1927,9.999999999990479,9.999999999990479,-1,-1
19279,corner.diag,1927,1928,0,0,1,1
19289,corner.diag,1928,1929,9.999999999990479,9.999999999990479,-1,-1
19299,corner.diag,1929,1930,0,0,1,1
19309,corner.diag,1930,1931,9.999999999990479,9.999999999990479,-1,-1
19319,corner.diag,1931,1932,0,0,1,1
19329,corner.diag,1932,1933,9.999999999990479,9.999999999990479,-1,-1
19339,corner.diag,1933,1934,0,0,1,1
19349,corner.diag,1934,1935,9.999999999990479,9.999999999990479,-1,-1
19359,corner.diag,1935,1936,0,0,1,1
19369,corner.diag,1936,1937,9.999999999990479,9.999999999990479,-1,-1
19379,corner.diag,1937,1938,0,0,1,1
19389,corner.diag,1938,1939,9.999999999990479,9.999999999990479,-1,-1
19399,corner.diag,1939,1940,0,0,1,1
19409,corner.diag,1940,1941,9.999999999990479,9.999999999990479,-1,-1
19419,corner.diag,1941,1942,0,0,1,1
19429,corner.diag,1942,1943,9.999999999990479,9.999999999990479,-1,-1
19439,corner.diag,1943,1944,0,0,1,1
19449,corner.diag,1944,1945,9.999999999990479,9.999999999990479,-1,-1
19459,corner.diag,1945,1946,0,0,1,1
19469,corner.diag,1946,1947,9.999999999990479,9.999999999990479,-1,-1
19479,corner.diag,1947,1948,0,0,1,1
19489,corner.diag,1948,1949,9.999999999990479,9.999999999990479,-1,-1
19499,corner.diag,1949,1950,0,0,1,1
19509,corner.diag,1950,1951,9.999999999990479,9.999999999990479,-1,-1
19519,corner.diag,1951,1952,0,0,1,1
19529,corner.diag,1952,1953,9.999999999990479,9.999999999990479,-1,-1
19539,corner.diag,1953,1954,0,0,1,1
19549,corner.diag,1954,1955,9.999999999990479,9.999999999990479,-1,-1
19559,corner.diag,1955,1956,0,0,1,1
19569,corner.diag,1956,1957,9.999999999990479,9.999999999990479,-1,-1
19579,corner.diag,1957,1958,0,0,1,1
19589,corner.diag,1958,1959,9.999999999990479,9.999999999990479,-1,-1
19599,corner.diag,1959,1960,0,0,1,1
19609,corner.diag,1960,1961,9.999999999990479,9.999999999990479,-1,-1
19619,corner.diag,1961,1962,0,0,1,1
19629,corner.diag,1962,1963,9.999999999990479,9.999999999990479,-1,-1
19639,corner.diag,1963,1964,0,0,1,1
19649,corner.diag,1964,1965,9.999999999990479,9.999999999990479,-1,-1
19659,corner.diag,1965,1966,0,0,1,1
19669,corner.diag,1966,1967,9.999999999990479,9.999999999990479,-1,-1
19679,corner.diag,1967,1968,0,0,1,1
19689,corner.diag,1968,1969,9.999999999990479,9.999999999990479,-1,-1
19699,corner.diag,1969,1970,0,0,1,1
19709,corner.diag,1970,1971,9.999999999990479,9.999999999990479,-1,-1
19719,corner.diag,1971,1972,0,0,1,1
19729,corner.diag,1972,1973,9.999999999990479,9.999999999990479,-1,-1
19739,corner.diag,1973,1974,0,0,1,1
19749,corner.diag,1974,1975,9.999999999990479,9.999999999990479,-1,-1
19759,corner.diag,1975,1976,0,0,1,1
19769,corner.diag,1976,1977,9.999999999990479,9.999999999990479,-1,-1
19779,corner.diag,1977,1978,0,0,1,1
19789,corner.diag,1978,1979,9.999999999990479,9.999999999990479,-1,-1
19799,corner.diag,1979,1980,0,0,1,1
19809,corner.diag,1980,1981,9.999999999990479,9.999999999990479,-1,-1
19819,corner.diag,1981,1982,0,0,1,1
19829,corner.diag,1982,1983,9.999999999990479,9.999999999990479,-1,-1
19839,corner.diag,1983,1984,0,0,1,1
19849,corner.diag,1984,1985,9.999999999990479,9.999999999990479,-1,-1
19859,corner.diag,1985,1986,0,0,1,1
19869,corner.diag,1986,1987,9.999999999990479,9.999999999990479,-1,-1
19879,corner.diag,1987,1988,0,0,1,1
19889,corner.diag,1988,1989,9.999999999990479,9.999999999990479,-1,-1
19899,corner.diag,1989,1990,0,0,1,1
19909,corner.diag,1990,1991,9.999999999990479,9.999999999990479,-1,-1
19919,corner.diag,1991,1992,0,0,1,1
19929,corner.diag,1992,1993,9.999999999990479,9.999999999990479,-1,-1
19939,corner.diag,1993,1994,0,0,1,1
19949,corner.diag,1994,1995,9.999999999990479,9.999999999990479,-1,-1
19959,corner.diag,1995,1996,0,0,1,1
19969,corner.diag,1996,1997,9.999999999990479,9.999999999990479,-1,-1
19979,corner.diag,1997,1998,0,0,1,1
19989,corner.diag,1998,1999,9.999999999990479,9.999999999990479,-1,-1
19999,corner.diag,1999,2000,0,0,1,1
20009,corner.diag,2000,2001,9.999999999990479,9.999999999990479,-1,-1
20019,corner.diag,2001,2002,0,0,1,1
20029,corner.diag,2002,2003,9.999999999990479,9.999999999990479,-1,-1
20039,corner.diag,2003,2004,0,0,1,1
20049,corner.diag,2004,2005,9.999999999990479,9.999999999990479,-1,-1
20059,corner.diag,2005,2006,0,0,1,1
20069,corner.diag,2006,2007,9.999999999990479,9.999999999990479,-1,-1
20079,corner.diag,2007,2008,0,0,1,1
20089,corner.diag,2008,2009,9.999999999990479,9.999999999990479,-1,-1
20099,corner.diag,2009,2010,0,0,1,1
20109,corner.diag,2010,2011,9.999999999990479,9.999999999990479,-1,-1
20119,corner.diag,2011,2012,0,0,1,1
20129,corner.diag,2012,2013,9.999999999990479,9.999999999990479,-1,-1
20139,corner.diag,2013,2014,0,0,1,1
20149,corner.diag,2014,2015,9.999999999990479,9.999999999990479,-1,-1
20159,corner.diag,2015,2016,0,0,1,1
20169,corner.diag,2016,2017,9.999999999990479,9.999999999990479,-1,-1
20179,corner.diag,2017,2018,0,0,1,1
20189,corner.diag,2018,2019,9.999999999990479,9.999999999990479,-1,-1
20199,corner.diag,2019,2020,0,0,1,1
20209,corner.diag,2020,2021,9.999999999990479,9.999999999990479,-1,-1
20219,corner.diag,2021,2022,0,0,1,1
20229,corner.diag,2022,2023,9.999999999990479,9.999999999990479,-1,-1
20239,corner.diag,2023,2024,0,0,1,1
20249,corner.diag,2024,2025,9.999999999990479,9.999999999990479,-1,-1
20259,corner.diag,2025,2026,0,0,1,1
20269,corner.diag,2026,2027,9.999999999990479,9.999999999990479,-1,-1
20279,corner.diag,2027,2028,0,0,1,1
20289,corner.diag,2028,2029,9.999999999990479,9.999999999990479,-1,-1
20299,corner.diag,2029,2030,0,0,1,1
20309,corner.diag,2030,2031,9.999999999990479,9.999999999990479,-1,-1
20319,corner.diag,2031,2032,0,0,1,1
20329,corner.diag,2032,2033,9.999999999990479,9.999999999990479,-1,-1
20339,corner.diag,2033,2034,0,0,1,1
20349,corner.diag,2034,2035,9.999999999990479,9.999999999990479,-1,-1
20359,corner.diag,2035,2036,0,0,1,1
20369,corner.diag,2036,2037,9.999999999990479,9.999999999990479,-1,-1
20379,corner.diag,2037,2038,0,0,1,1
20389,corner.diag,2038,2039,9.999999999990479,9.999999999990479,-1,-1
20399,corner.diag,2039,2040,0,0,1,1
20409,corner.diag,2040,2041,9.999999999990479,9.999999999990479,-1,-1
20419,corner.diag,2041,2042,0,0,1,1
20429,corner.diag,2042,2043,9.999999999990479,9.999999999990479,-1,-1
20439,corner.diag,2043,2044,0,0,1,1
20449,corner.diag,2044,2045,9.999999999990479,9.999999999990479,-1,-1
20459,corner.diag,2045,2046,0,0,1,1
20469,corner.diag,2046,2047,9.999999999990479,9.999999999990479,-1,-1
20479,corner.diag,2047,2048,0,0,1,1
20489,corner.diag,2048,2049,9.999999999990479,9.999999999990479,-1,-1
20499,corner.diag,2049,2050,0,0,1,1
20509,corner.diag,2050,2051,9.999999999990479,9.999999999990479,-1,-1
20519,corner.diag,2051,2052,0,0,1,1
20529,corner.diag,2052,2053,9.999999999990479,9.999999999990479,-1,-1
20539,corner.diag,2053,2054,0,0,1,1
20549,corner.diag,2054,2055,9.999999999990479,9.999999999990479,-1,-1
20559,corner.diag,2055,2056,0,0,1,1
20569,corner.diag,2056,2057,9.999999999990479,9.999999999990479,-1,-1
20579,corner.diag,2057,2058,0,0,1,1
20589,corner.diag,2058,2059,9.999999999990479,9.999999999990479,-1,-1
20599,corner.diag,2059,2060,0,0,1,1
20609,corner.diag,2060,2061,9.999999999990479,9.999999999990479,-1,-1
20619,corner.diag,2061,2062,0,0,1,1
20629,corner.diag,2062,2063,9.999999999990479,9.999999999990479,-1,-1
20639,corner.diag,2063,2064,0,0,1,1
20649,corner.diag,2064,2065,9.999999999990479,9.999999999990479,-1,-1
20659,corner.diag,2065,2066,0,0,1,1
20669,corner.diag,2066,2067,9.999999999990479,9.999999999990479,-1,-1
20679,corner.diag,2067,2068,0,0,1,1
20689,corner.diag,2068,2069,9.999999999990479,9.999999999990479,-1,-1
20699,corner.diag,2069,2070,0,0,1,1
20709,corner.diag,2070,2071,9.999999999990479,9.999999999990479,-1,-1
20719,corner.diag,2071,2072,0,0,1,1
20729,corner.diag,2072,2073,9.999999999990479,9.999999999990479,-1,-1
20739,corner.diag,2073,2074,0,0,1,1
20749,corner.diag,2074,2075,9.999999999990479,9.999999999990479,-1,-1
20759,corner.diag,2075,2076,0,0,1,1
20769,corner.diag,2076,2077,9.999999999990479,9.999999999990479,-1,-1
20779,corner.diag,2077,2078,0,0,1,1
20789,corner.diag,2078,2079,9.999999999990479,9.999999999990479,-1,-1
20799,corner.diag,2079,2080,0,0,1,1
20809,corner.diag,2080,2081,9.999999999990479,9.999999999990479,-1,-1
20819,corner.diag,2081,2082,0,0,1,1
20829,corner.diag,2082,2083,9.999999999990479,9.999999999990479,-1,-1
20839,corner.diag,2083,2084,0,0,1,1
20849,corner.diag,2084,2085,9.999999999990479,9.999999999990479,-1,-1
20859,corner.diag,2085,2086,0,0,1,1
20869,corner.diag,2086,2087,9.999999999990479,9.999999999990479,-1,-1
20879,corner.diag,2087,2088,0,0,1,1
20889,corner.diag,2088,2089,9.999999999990479,9.999999999990479,-1,-1
20899,corner.diag,2089,2090,0,0,1,1
20909,corner.diag,2090,2091,9.999999999990479,9.999999999990479,-1,-1
20919,corner.diag,2091,2092,0,0,1,1
20929,corner.diag,2092,2093,9.999999999990479,9.999999999990479,-1,-1
20939,corner.diag,2093,2094,0,0,1,1
20949,corner.diag,2094,2095,9.999999999990479,9.999999999990479,-1,-1
20959,corner.diag,2095,2096,0,0,1,1
20969,corner.diag,2096,2097,9.999999999990479,9.999999999990479,-1,-1
20979,corner.diag,2097,2098,0,0,1,1
20989,corner.diag,2098,2099,9.999999999990479,9.999999999990479,-1,-1
20999,corner.diag,2099,2100,0,0,1,1
21009,corner.diag,2100,2101,9.999999999990479,9.999999999990479,-1,-1
21019,corner.diag,2101,2102,0,0,1,1
21029,corner.diag,2102,2103,9.999999999990479,9.999999999990479,-1,-1
21039,corner.diag,2103,2104,0,0,1,1
21049,corner.diag,2104,2105,9.999999999990479,9.999999999990479,-1,-1
21059,corner.diag,2105,2106,0,0,1,1
21069,corner.diag,2106,2107,9.999999999990479,9.999999999990479,-1,-1
21079,corner.diag,2107,2108,0,0,1,1
21089,corner.diag,2108,2109,9.999999999990479,9.999999999990479,-1,-1
21099,corner.diag,2109,2110,0,0,1,1
21109,corner.diag,2110,2111,9.999999999990479,9.999999999990479,-1,-1
21119,corner.diag,2111,2112,0,0,1,1
21129,corner.diag,2112,2113,9.999999999990479,9.999999999990479,-1,-1
21139,corner.diag,2113,2114,0,0,1,1
21149,corner.diag,2114,2115,9.999999999990479,9.999999999990479,-1,-1
21159,corner.diag,2115,2116,0,0,1,1
21169,corner.diag,2116,2117,9.999999999990479,9.999999999990479,-1,-1
21179,corner.diag,2117,2118,0,0,1,1
21189,corner.diag,2118,2119,9.999999999990479,9.999999999990479,-1,-1
21199,corner.diag,2119,2120,0,0,1,1
21209,corner.diag,2120,2121,9.999999999990479,9.999999999990479,-1,-1
21219,corner.diag,2121,2122,0,0,1,1
21229,corner.diag,2122,2123,9.999999999990479,9.999999999990479,-1,-1
21239,corner.diag,2123,2124,0,0,1,1
21249,corner.diag,2124,2125,9.999999999990479,9.999999999990479,-1,-1
21259,corner.diag,2125,2126,0,0,1,1
21269,corner.diag,2126,2127,9.999999999990479,9.999999999990479,-1,-1
21279,corner.diag,2127,2128,0,0,1,1
21289,corner.diag,2128,2129,9.999999999990479,9.999999999990479,-1,-1
21299,corner.diag,2129,2130,0,0,1,1
21309,corner.diag,2130,2131,9.999999999990479,9.999999999990479,-1,-1
21319,corner.diag,2131,2132,0,0,1,1
21329,corner.diag,2132,2133,9.999999999990479,9.999999999990479,-1,-1
21339,corner.diag,2133,2134,0,0,1,1
21349,corner.diag,2134,2135,9.999999999990479,9.999999999990479,-1,-1
21359,corner.diag,2135,2136,0,0,1,1
21369,corner.diag,2136,2137,9.999999999990479,9.999999999990479,-1,-1
21379,corner.diag,2137,2138,0,0,1,1
21389,corner.diag,2138,2139,9.999999999990479,9.999999999990479,-1,-1
21399,corner.diag,2139,2140,0,0,1,1
21409,corner.diag,2140,2141,9.999999999990479,9.999999999990479,-1,-1
21419,corner.diag,2141,2142,0,0,1,1
21429,corner.diag,2142,2143,9.999999999990479,9.999999999990479,-1,-1
21439,corner.diag,2143,2144,0,0,1,1
21449,corner.diag,2144,2145,9.999999999990479,9.999999999990479,-1,-1
21459,corner.diag,2145,2146,0,0,1,1
21469,corner.diag,2146,2147,9.999999999990479,9.999999999990479,-1,-1
21479,corner.diag,2147,2148,0,0,1,1
21489,corner.diag,2148,2149,9.999999999990479,9.999999999990479,-1,-1
21499,corner.diag,2149,2150,0,0,1,1
21509,corner.diag,2150,2151,9.999999999990479,9.999999999990479,-1,-1
21519,corner.diag,2151,2152,0,0,1,1
21529,corner.diag,2152,2153,9.999999999990479,9.999999999990479,-1,-1
21539,corner.diag,2153,2154,0,0,1,1
21549,corner.diag,2154,2155,9.999999999990479,9.999999999990479,-1,-1
21559,corner.diag,2155,2156,0,0,1,1
21569,corner.diag,2156,2157,9.999999999990479,9.999999999990479,-1,-1
21579,corner.diag,2157,2158,0,0,1,1
21589,corner.diag,2158,2159,9.999999999990479,9.999999999990479,-1,-1
21599,corner.diag,2159,2160,0,0,1,1
21609,corner.diag,2160,2161,9.999999999990479,9.999999999990479,-1,-1
21619,corner.diag,2161,2162,0,0,1,1
21629,corner.diag,2162,2163,9.999999999990479,9.999999999990479,-1,-1
21639,corner.diag,2163,2164,0,0,1,1
21649,corner.diag,2164,2165,9.999999999990479,9.999999999990479,-1,-1
21659,corner.diag,2165,2166,0,0,1,1
21669,corner.diag,2166,2167,9.999999999990479,9.999999999990479,-1,-1
21679,corner.diag,2167,2168,0,0,1,1
21689,corner.diag,2168,2169,9.999999999990479,9.999999999990479,-1,-1
21699,corner.diag,2169,2170,0,0,1,1
21709,corner.diag,2170,2171,9.999999999990479,9.999999999990479,-1,-1
21719,corner.diag,2171,2172,0,0,1,1
21729,corner.diag,2172,2173,9.999999999990479,9.999999999990479,-1,-1
21739,corner.diag,2173,2174,0,0,1,1
21749,corner.diag,2174,2175,9.999999999990479,9.999999999990479,-1,-1
21759,corner.diag,2175,2176,0,0,1,1
21769,corner.diag,2176,2177,9.999999999990479,9.999999999990479,-1,-1
21779,corner.diag,2177,2178,0,0,1,1
21789,corner.diag,2178,2179,9.999999999990479,9.999999999990479,-1,-1
21799,corner.diag,2179,2180,0,0,1,1
21809,corner.diag,2180,2181,9.999999999990479,9.999999999990479,-1,-1
21819,corner.diag,2181,2182,0,0,1,1
21829,corner.diag,2182,2183,9.999999999990479,9.999999999990479,-1,-1
21839,corner.diag,2183,2184,0,0,1,1
21849,corner.diag,2184,2185,9.999999999990479,9.999999999990479,-1,-1
21859,corner.diag,2185,2186,0,0,1,1
21869,corner.diag,2186,2187,9.999999999990479,9.999999999990479,-1,-1
21879,corner.diag,2187,2188,0,0,1,1
21889,corner.diag,2188,2189,9.999999999990479,9.999999999990479,-1,-1
21899,corner.diag,2189,2190,0,0,1,1
21909,corner.diag,2190,2191,9.999999999990479,9.999999999990479,-1,-1
21919,corner.diag,2191,2192,0,0,1,1
21929,corner.diag,2192,2193,9.999999999990479,9.999999999990479,-1,-1
21939,corner.diag,2193,2194,0,0,1,1
21949,corner.diag,2194,2195,9.999999999990479,9.999999999990479,-1,-1
21959,corner.diag,2195,2196,0,0,1,1
21969,corner.diag,2196,2197,9.999999999990479,9.999999999990479,-1,-1
21979,corner.diag,2197,2198,0,0,1,1
21989,corner.diag,2198,2199,9.999999999990479,9.999999999990479,-1,-1
21999,corner.diag,2199,2200,0,0,1,1
22009,corner.diag,2200,2201,9.999999999990479,9.999999999990479,-1,-1
22019,corner.diag,2201,2202,0,0,1,1
22029,corner.diag,2202,2203,9.999999999990479,9.999999999990479,-1,-1
22039,corner.diag,2203,2204,0,0,1,1
22049,corner.diag,2204,2205,9.999999999990479,9.999999999990479,-1,-1
22059,corner.diag,2205,2206,0,0,1,1
22069,corner.diag,2206,2207,9.999999999990479,9.999999999990479,-1,-1
22079,corner.diag,2207,2208,0,0,1,1
22089,corner.diag,2208,2209,9.999999999990479,9.999999999990479,-1,-1
22099,corner.diag,2209,2210,0,0,1,1
22109,corner.diag,2210,2211,9.999999999990479,9.999999999990479,-1,-1
22119,corner.diag,2211,2212,0,0,1,1
22129,corner.diag,2212,2213,9.999999999990479,9.999999999990479,-1,-1
22139,corner.diag,2213,2214,0,0,1,1
22149,corner.diag,2214,2215,9.999999999990479,9.999999999990479,-1,-1
22159,corner.diag,2215,2216,0,0,1,1
22169,corner.diag,2216,2217,9.999999999990479,9.999999999990479,-1,-1
22179,corner.diag,2217,2218,0,0,1,1
22189,corner.diag,2218,2219,9.999999999990479,9.999999999990479,-1,-1
22199,corner.diag,2219,2220,0,0,1,1
22209,corner.diag,2220,2221,9.999999999990479,9.999999999990479,-1,-1
22219,corner.diag,2221,2222,0,0,1,1
22229,corner.diag,2222,2223,9.999999999990479,9.999999999990479,-1,-1
22239,corner.diag,2223,2224,0,0,1,1
22249,corner.diag,2224,2225,9.999999999990479,9.999999999990479,-1,-1
22259,corner.diag,2225,2226,0,0,1,1
22269,corner.diag,2226,2227,9.999999999990479,9.999999999990479,-1,-1
22279,corner.diag,2227,2228,0,0,1,1
22289,corner.diag,2228,2229,9.999999999990479,9.999999999990479,-1,-1
22299,corner.diag,2229,2230,0,0,1,1
22309,corner.diag,2230,2231,9.999999999990479,9.999999999990479,-1,-1
22319,corner.diag,2231,2232,0,0,1,1
22329,corner.diag,2232,2233,9.999999999990479,9.999999999990479,-1,-1
22339,corner.diag,2233,2234,0,0,1,1
22349,corner.diag,2234,2235,9.999999999990479,9.999999999990479,-1,-1
22359,corner.diag,2235,2236,0,0,1,1
22369,corner.diag,2236,2237,9.999999999990479,9.999999999990479,-1,-1
22379,corner.diag,2237,2238,0,0,1,1
22389,corner.diag,2238,2239,9.999999999990479,9.999999999990479,-1,-1
22399,corner.diag,2239,2240,0,0,1,1
22409,corner.diag,2240,2241,9.999999999990479,9.999999999990479,-1,-1
22419,corner.diag,2241,2242,0,0,1,1
22429,corner.diag,2242,2243,9.999999999990479,9.999999999990479,-1,-1
22439,corner.diag,2243,2244,0,0,1,1
22449,corner.diag,2244,2245,9.999999999990479,9.999999999990479,-1,-1
22459,corner.diag,2245,2246,0,0,1,1
22469,corner.diag,2246,2247,9.999999999990479,9.999999999990479,-1,-1
22479,corner.diag,2247,2248,0,0,1,1
22489,corner.diag,2248,2249,9.999999999990479,9.999999999990479,-1,-1
22499,corner.diag,2249,2250,0,0,1,1
22509,corner.diag,2250,2251,9.999999999990479,9.999999999990479,-1,-1
22519,corner.diag,2251,2252,0,0,1,1
22529,corner.diag,2252,2253,9.999999999990479,9.999999999990479,-1,-1
22539,corner.diag,2253,2254,0,0,1,1
22549,corner.diag,2254,2255,9.999999999990479,9.999999999990479,-1,-1
22559,corner.diag,2255,2256,0,0,1,1
22569,corner.diag,2256,2257,9.999999999990479,9.999999999990479,-1,-1
22579,corner.diag,2257,2258,0,0,1,1
22589,corner.diag,2258,2259,9.999999999990479,9.999999999990479,-1,-1
22599,corner.diag,2259,2260,0,0,1,1
22609,corner.diag,2260,2261,9.999999999990479,9.999999999990479,-1,-1
22619,corner.diag,2261,2262,0,0,1,1
22629,corner.diag,2262,2263,9.999999999990479,9.999999999990479,-1,-1
22639,corner.diag,2263,2264,0,0,1,1
22649,corner.diag,2264,2265,9.999999999990479,9.999999999990479,-1,-1
22659,corner.diag,2265,2266,0,0,1,1
22669,corner.diag,2266,2267,9.999999999990479,9.999999999990479,-1,-1
22679,corner.diag,2267,2268,0,0,1,1
22689,corner.diag,2268,2269,9.999999999990479,9.999999999990479,-1,-1
22699,corner.diag,2269,2270,0,0,1,1
22709,corner.diag,2270,2271,9.999999999990479,9.999999999990479,-1,-1
22719,corner.diag,2271,2272,0,0,1,1
22729,corner.diag,2272,2273,9.999999999990479,9.999999999990479,-1,-1
22739,corner.diag,2273,2274,0,0,1,1
22749,corner.diag,2274,2275,9.999999999990479,9.999999999990479,-1,-1
22759,corner.diag,2275,2276,0,0,1,1
22769,corner.diag,2276,2277,9.999999999990479,9.999999999990479,-1,-1
22779,corner.diag,2277,2278,0,0,1,1
22789,corner.diag,2278,2279,9.999999999990479,9.999999999990479,-1,-1
22799,corner.diag,2279,2280,0,0,1,1
22809,corner.diag,2280,2281,9.999999999990479,9.999999999990479,-1,-1
22819,corner.diag,2281,2282,0,0,1,1
22829,corner.diag,2282,2283,9.999999999990479,9.999999999990479,-1,-1
22839,corner.diag,2283,2284,0,0,1,1
22849,corner.diag,2284,2285,9.999999999990479,9.999999999990479,-1,-1
22859,corner.diag,2285,2286,0,0,1,1
22869,corner.diag,2286,2287,9.999999999990479,9.999999999990479,-1,-1
22879,corner.diag,2287,2288,0,0,1,1
22889,corner.diag,2288,2289,9.999999999990479,9.999999999990479,-1,-1
22899,corner.diag,2289,2290,0,0,1,1
22909,corner.diag,2290,2291,9.999999999990479,9.999999999990479,-1,-1
22919,corner.diag,2291,2292,0,0,1,1
22929,corner.diag,2292,2293,9.999999999990479,9.999999999990479,-1,-1
22939,corner.diag,2293,2294,0,0,1,1
22949,corner.diag,2294,2295,9.999999999990479,9.999999999990479,-1,-1
22959,corner.diag,2295,2296,0,0,1,1
22969,corner.diag,2296,2297,9.999999999990479,9.999999999990479,-1,-1
22979,corner.diag,2297,2298,0,0,1,1
22989,corner.diag,2298,2299,9.999999999990479,9.999999999990479,-1,-1
22999,corner.diag,2299,2300,0,0,1,1
23009,corner.diag,2300,2301,9.999999999990479,9.999999999990479,-1,-1
23019,corner.diag,2301,2302,0,0,1,1
23029,corner.diag,2302,2303,9.999999999990479,9.999999999990479,-1,-1
23039,corner.diag,2303,2304,0,0,1,1
23049,corner.diag,2304,2305,9.999999999990479,9.999999999990479,-1,-1
23059,corner.diag,2305,2306,0,0,1,1
23069,corner.diag,2306,2307,9.999999999990479,9.999999999990479,-1,-1
23079,corner.diag,2307,2308,0,0,1,1
23089,corner.diag,2308,2309,9.999999999990479,9.999999999990479,-1,-1
23099,corner.diag,2309,2310,0,0,1,1
23109,corner.diag,2310,2311,9.999999999990479,9.999999999990479,-1,-1
23119,corner.diag,2311,2312,0,0,1,1
23129,corner.diag,2312,2313,9.999999999990479,9.999999999990479,-1,-1
23139,corner.diag,2313,2314,0,0,1,1
23149,corner.diag,2314,2315,9.999999999990479,9.999999999990479,-1,-1
23159,corner.diag,2315,2316,0,0,1,1
23169,corner.diag,2316,2317,9.999999999990479,9.999999999990479,-1,-1
23179,corner.diag,2317,2318,0,0,1,1
23189,corner.diag,2318,2319,9.999999999990479,9.999999999990479,-1,-1
23199,corner.diag,2319,2320,0,0,1,1
23209,corner.diag,2320,2321,9.999999999990479,9.999999999990479,-1,-1
23219,corner.diag,2321,2322,0,0,1,1
23229,corner.diag,2322,2323,9.999999999990479,9.999999999990479,-1,-1
23239,corner.diag,2323,2324,0,0,1,1
23249,corner.diag,2324,2325,9.999999999990479,9.999999999990479,-1,-1
23259,corner.diag,2325,2326,0,0,1,1
23269,corner.diag,2326,2327,9.999999999990479,9.999999999990479,-1,-1
23279,corner.diag,2327,2328,0,0,1,1
23289,corner.diag,2328,2329,9.999999999990479,9.999999999990479,-1,-1
23299,corner.diag,2329,2330,0,0,1,1
23309,corner.diag,2330,2331,9.999999999990479,9.999999999990479,-1,-1
23319,corner.diag,2331,2332,0,0,1,1
23329,corner.diag,2332,2333,9.999999999990479,9.999999999990479,-1,-1
23339,corner.diag,2333,2334,0,0,1,1
23349,corner.diag,2334,2335,9.999999999990479,9.999999999990479,-1,-1
23359,corner.diag,2335,2336,0,0,1,1
23369,corner.diag,2336,2337,9.999999999990479,9.999999999990479,-1,-1
23379,corner.diag,2337,2338,0,0,1,1
23389,corner.diag,2338,2339,9.999999999990479,9.999999999990479,-1,-1
23399,corner.diag,2339,2340,0,0,1,1
23409,corner.diag,2340,2341,9.999999999990479,9.999999999990479,-1,-1
23419,corner.diag,2341,2342,0,0,1,1
23429,corner.diag,2342,2343,9.999999999990479,9.999999999990479,-1,-1
23439,corner.diag,2343,2344,0,0,1,1
23449,corner.diag,2344,2345,9.999999999990479,9.999999999990479,-1,-1
23459,corner.diag,2345,2346,0,0,1,1
23469,corner.diag,2346,2347,9.999999999990479,9.999999999990479,-1,-1
23479,corner.diag,2347,2348,0,0,1,1
23489,corner.diag,2348,2349,9.999999999990479,9.999999999990479,-1,-1
23499,corner.diag,2349,2350,0,0,1,1
23509,corner.diag,2350,2351,9.999999999990479,9.999999999990479,-1,-1
23519,corner.diag,2351,2352,0,0,1,1
23529,corner.diag,2352,2353,9.999999999990479,9.999999999990479,-1,-1
23539,corner.diag,2353,2354,0,0,1,1
23549,corner.diag,2354,2355,9.999999999990479,9.999999999990479,-1,-1
23559,corner.diag,2355,2356,0,0,1,1
23569,corner.diag,2356,2357,9.999999999990479,9.999999999990479,-1,-1
23579,corner.diag,2357,2358,0,0,1,1
23589,corner.diag,2358,2359,9.999999999990479,9.999999999990479,-1,-1
23599,corner.diag,2359,2360,0,0,1,1
23609,corner.diag,2360,2361,9.999999999990479,9.999999999990479,-1,-1
23619,corner.diag,2361,2362,0,0,1,1
23629,corner.diag,2362,2363,9.999999999990479,9.999999999990479,-1,-1
23639,corner.diag,2363,2364,0,0,1,1
23649,corner.diag,2364,2365,9.999999999990479,9.999999999990479,-1,-1
23659,corner.diag,2365,2366,0,0,1,1
23669,corner.diag,2366,2367,9.999999999990479,9.999999999990479,-1,-1
23679,corner.diag,2367,2368,0,0,1,1
23689,corner.diag,2368,2369,9.999999999990479,9.999999999990479,-1,-1
23699,corner.diag,2369,2370,0,0,1,1
23709,corner.diag,2370,2371,9.999999999990479,9.999999999990479,-1,-1
23719,corner.diag,2371,2372,0,0,1,1
23729,corner.diag,2372,2373,9.999999999990479,9.999999999990479,-1,-1
23739,corner.diag,2373,2374,0,0,1,1
23749,corner.diag,2374,2375,9.999999999990479,9.999999999990479,-1,-1
23759,corner.diag,2375,2376,0,0,1,1
23769,corner.diag,2376,2377,9.999999999990479,9.999999999990479,-1,-1
23779,corner.diag,2377,2378,0,0,1,1
23789,corner.diag,2378,2379,9.999999999990479,9.999999999990479,-1,-1
23799,corner.diag,2379,2380,0,0,1,1
23809,corner.diag,2380,2381,9.999999999990479,9.999999999990479,-1,-1
23819,corner.diag,2381,2382,0,0,1,1
23829,corner.diag,2382,2383,9.999999999990479,9.999999999990479,-1,-1
23839,corner.diag,2383,2384,0,0,1,1
23849,corner.diag,2384,2385,9.999999999990479,9.999999999990479,-1,-1
23859,corner.diag,2385,2386,0,0,1,1
23869,corner.diag,2386,2387,9.999999999990479,9.999999999990479,-1,-1
23879,corner.diag,2387,2388,0,0,1,1
23889,corner.diag,2388,2389,9.999999999990479,9.999999999990479,-1,-1
23899,corner.diag,2389,2390,0,0,1,1
23909,corner.diag,2390,2391,9.999999999990479,9.999999999990479,-1,-1
23919,corner.diag,2391,2392,0,0,1,1
23929,corner.diag,2392,2393,9.999999999990479,9.999999999990479,-1,-1
23939,corner.diag,2393,2394,0,0,1,1
23949,corner.diag,2394,2395,9.999999999990479,9.999999999990479,-1,-1
23959,corner.diag,2395,2396,0,0,1,1
23969,corner.diag,2396,2397,9.999999999990479,9.999999999990479,-1,-1
23979,corner.diag,2397,2398,0,0,1,1
23989,corner.diag,2398,2399,9.999999999990479,9.999999999990479,-1,-1
23999,corner.diag,2399,2400,0,0,1,1
24009,corner.diag,2400,2401,9.999999999990479,9.999999999990479,-1,-1
24019,corner.diag,2401,2402,0,0,1,1
24029,corner.diag,2402,2403,9.999999999990479,9.999999999990479,-1,-1
24039,corner.diag,2403,2404,0,0,1,1
24049,corner.diag,2404,2405,9.999999999990479,9.999999999990479,-1,-1
24059,corner.diag,2405,2406,0,0,1,1
24069,corner.diag,2406,2407,9.999999999990479,9.999999999990479,-1,-1
24079,corner.diag,2407,2408,0,0,1,1
24089,corner.diag,2408,2409,9.999999999990479,9.999999999990479,-1,-1
24099,corner.diag,2409,2410,0,0,1,1
24109,corner.diag,2410,2411,9.999999999990479,9.999999999990479,-1,-1
24119,corner.diag,2411,2412,0,0,1,1
24129,corner.diag,2412,2413,9.999999999990479,9.999999999990479,-1,-1
24139,corner.diag,2413,2414,0,0,1,1
24149,corner.diag,2414,2415,9.999999999990479,9.999999999990479,-1,-1
24159,corner.diag,2415,2416,0,0,1,1
24169,corner.diag,2416,2417,9.999999999990479,9.999999999990479,-1,-1
24179,corner.diag,2417,2418,0,0,1,1
24189,corner.diag,2418,2419,9.999999999990479,9.999999999990479,-1,-1
24199,corner.diag,2419,2420,0,0,1,1
24209,corner.diag,2420,2421,9.999999999990479,9.999999999990479,-1,-1
24219,corner.diag,2421,2422,0,0,1,1
24229,corner.diag,2422,2423,9.999999999990479,9.999999999990479,-1,-1
24239,corner.diag,2423,2424,0,0,1,1
24249,corner.diag,2424,2425,9.999999999990479,9.999999999990479,-1,-1
24259,corner.diag,2425,2426,0,0,1,1
24269,corner.diag,2426,2427,9.999999999990479,9.999999999990479,-1,-1
24279,corner.diag,2427,2428,0,0,1,1
24289,corner.diag,2428,2429,9.999999999990479,9.999999999990479,-1,-1
24299,corner.diag,2429,2430,0,0,1,1
24309,corner.diag,2430,2431,9.999999999990479,9.999999999990479,-1,-1
24319,corner.diag,2431,2432,0,0,1,1
24329,corner.diag,2432,2433,9.999999999990479,9.999999999990479,-1,-1
24339,corner.diag,2433,2434,0,0,1,1
24349,corner.diag,2434,2435,9.999999999990479,9.999999999990479,-1,-1
24359,corner.diag,2435,2436,0,0,1,1
24369,corner.diag,2436,2437,9.999999999990479,9.999999999990479,-1,-1
24379,corner.diag,2437,2438,0,0,1,1
24389,corner.diag,2438,2439,9.999999999990479,9.999999999990479,-1,-1
24399,corner.diag,2439,2440,0,0,1,1
24409,corner.diag,2440,2441,9.999999999990479,9.999999999990479,-1,-1
24419,corner.diag,2441,2442,0,0,1,1
24429,corner.diag,2442,2443,9.999999999990479,9.999999999990479,-1,-1
24439,corner.diag,2443,2444,0,0,1,1
24449,corner.diag,2444,2445,9.999999999990479,9.999999999990479,-1,-1
24459,corner.diag,2445,2446,0,0,1,1
24469,corner.diag,2446,2447,9.999999999990479,9.999999999990479,-1,-1
24479,corner.diag,2447,2448,0,0,1,1
24489,corner.diag,2448,2449,9.999999999990479,9.999999999990479,-1,-1
24499,corner.diag,2449,2450,0,0,1,1
24509,corner.diag,2450,2451,9.999999999990479,9.999999999990479,-1,-1
24519,corner.diag,2451,2452,0,0,1,1
24529,corner.diag,2452,2453,9.999999999990479,9.999999999990479,-1,-1
24539,corner.diag,2453,2454,0,0,1,1
24549,corner.diag,2454,2455,9.999999999990479,9.999999999990479,-1,-1
24559,corner.diag,2455,2456,0,0,1,1
24569,corner.diag,2456,2457,9.999999999990479,9.999999999990479,-1,-1
24579,corner.diag,2457,2458,0,0,1,1
24589,corner.diag,2458,2459,9.999999999990479,9.999999999990479,-1,-1
24599,corner.diag,2459,2460,0,0,1,1
24609,corner.diag,2460,2461,9.999999999990479,9.999999999990479,-1,-1
24619,corner.diag,2461,2462,0,0,1,1
24629,corner.diag,2462,2463,9.999999999990479,9.999999999990479,-1,-1
24639,corner.diag,2463,2464,0,0,1,1
24649,corner.diag,2464,2465,9.999999999990479,9.999999999990479,-1,-1
24659,corner.diag,2465,2466,0,0,1,1
24669,corner.diag,2466,2467,9.999999999990479,9.999999999990479,-1,-1
24679,corner.diag,2467,2468,0,0,1,1
24689,corner.diag,2468,2469,9.999999999990479,9.999999999990479,-1,-1
24699,corner.diag,2469,2470,0,0,1,1
24709,corner.diag,2470,2471,9.999999999990479,9.999999999990479,-1,-1
24719,corner.diag,2471,2472,0,0,1,1
24729,corner.diag,2472,2473,9.999999999990479,9.999999999990479,-1,-1
24739,corner.diag,2473,2474,0,0,1,1
24749,corner.diag,2474,2475,9.999999999990479,9.999999999990479,-1,-1
24759,corner.diag,2475,2476,0,0,1,1
24769,corner.diag,2476,2477,9.999999999990479,9.999999999990479,-1,-1
24779,corner.diag,2477,2478,0,0,1,1
24789,corner.diag,2478,2479,9.999999999990479,9.999999999990479,-1,-1
24799,corner.diag,2479,2480,0,0,1,1
24809,corner.diag,2480,2481,9.999999999990479,9.999999999990479,-1,-1
24819,corner.diag,2481,2482,0,0,1,1
24829,corner.diag,2482,2483,9.999999999990479,9.999999999990479,-1,-1
24839,corner.diag,2483,2484,0,0,1,1
24849,corner.diag,2484,2485,9.999999999990479,9.999999999990479,-1,-1
24859,corner.diag,2485,2486,0,0,1,1
24869,corner.diag,2486,2487,9.999999999990479,9.999999999990479,-1,-1
24879,corner.diag,2487,2488,0,0,1,1
24889,corner.diag,2488,2489,9.999999999990479,9.999999999990479,-1,-1
24899,corner.diag,2489,2490,0,0,1,1
24909,corner.diag,2490,2491,9.999999999990479,9.999999999990479,-1,-1
24919,corner.diag,2491,2492,0,0,1,1
24929,corner.diag,2492,2493,9.999999999990479,9.999999999990479,-1,-1
24939,corner.diag,2493,2494,0,0,1,1
24949,corner.diag,2494,2495,9.999999999990479,9.999999999990479,-1,-1
24959,corner.diag,2495,2496,0,0,1,1
24969,corner.diag,2496,2497,9.999999999990479,9.999999999990479,-1,-1
24979,corner.diag,2497,2498,0,0,1,1
24989,corner.diag,2498,2499,9.999999999990479,9.999999999990479,-1,-1
24999,corner.diag,2499,2500,0,0,1,1
25009,corner.diag,2500,2501,9.999999999990479,9.999999999990479,-1,-1
25019,corner.diag,2501,2502,0,0,1,1
25029,corner.diag,2502,2503,9.999999999990479,9.999999999990479,-1,-1
25039,corner.diag,2503,2504,0,0,1,1
25049,corner.diag,2504,2505,9.999999999990479,9.999999999990479,-1,-1
25059,corner.diag,2505,2506,0,0,1,1
25069,corner.diag,2506,2507,9.999999999990479,9.999999999990479,-1,-1
25079,corner.diag,2507,2508,0,0,1,1
25089,corner.diag,2508,2509,9.999999999990479,9.999999999990479,-1,-1
25099,corner.diag,2509,2510,0,0,1,1
25109,corner.diag,2510,2511,9.999999999990479,9.999999999990479,-1,-1
25119,corner.diag,2511,2512,0,0,1,1
25129,corner.diag,2512,2513,9.999999999990479,9.999999999990479,-1,-1
25139,corner.diag,2513,2514,0,0,1,1
25149,corner.diag,2514,2515,9.999999999990479,9.999999999990479,-1,-1
25159,corner.diag,2515,2516,0,0,1,1
25169,corner.diag,2516,2517,9.999999999990479,9.999999999990479,-1,-1
25179,corner.diag,2517,2518,0,0,1,1
25189,corner.diag,2518,2519,9.999999999990479,9.999999999990479,-1,-1
25199,corner.diag,2519,2520,0,0,1,1
25209,corner.diag,2520,2521,9.999999999990479,9.999999999990479,-1,-1
25219,corner.diag,2521,2522,0,0,1,1
25229,corner.diag,2522,2523,9.999999999990479,9.999999999990479,-1,-1
25239,corner.diag,2523,2524,0,0,1,1
25249,corner.diag,2524,2525,9.999999999990479,9.999999999990479,-1,-1
25259,corner.diag,2525,2526,0,0,1,1
25269,corner.diag,2526,2527,9.999999999990479,9.999999999990479,-1,-1
25279,corner.diag,2527,2528,0,0,1,1
25289,corner.diag,2528,2529,9.999999999990479,9.999999999990479,-1,-1
25299,corner.diag,2529,2530,0,0,1,1
25309,corner.diag,2530,2531,9.999999999990479,9.999999999990479,-1,-1
25319,corner.diag,2531,2532,0,0,1,1
25329,corner.diag,2532,2533,9.999999999990479,9.999999999990479,-1,-1
25339,corner.diag,2533,2534,0,0,1,1
25349,corner.diag,2534,2535,9.999999999990479,9.999999999990479,-1,-1
25359,corner.diag,2535,2536,0,0,1,1
25369,corner.diag,2536,2537,9.999999999990479,9.999999999990479,-1,-1
25379,corner.diag,2537,2538,0,0,1,1
25389,corner.diag,2538,2539,9.999999999990479,9.999999999990479,-1,-1
25399,corner.diag,2539,2540,0,0,1,1
25409,corner.diag,2540,2541,9.999999999990479,9.999999999990479,-1,-1
25419,corner.diag,2541,2542,0,0,1,1
25429,corner.diag,2542,2543,9.999999999990479,9.999999999990479,-1,-1
25439,corner.diag,2543,2544,0,0,1,1
25449,corner.diag,2544,2545,9.999999999990479,9.999999999990479,-1,-1
25459,corner.diag,2545,2546,0,0,1,1
25469,corner.diag,2546,2547,9.999999999990479,9.999999999990479,-1,-1
25479,corner.diag,2547,2548,0,0,1,1
25489,corner.diag,2548,2549,9.999999999990479,9.999999999990479,-1,-1
25499,corner.diag,2549,2550,0,0,1,1
25509,corner.diag,2550,2551,9.999999999990479,9.999999999990479,-1,-1
25519,corner.diag,2551,2552,0,0,1,1
25529,corner.diag,2552,2553,9.999999999990479,9.999999999990479,-1,-1
25539,corner.diag,2553,2554,0,0,1,1
25549,corner.diag,2554,2555,9.999999999990479,9.999999999990479,-1,-1
25559,corner.diag,2555,2556,0,0,1,1
25569,corner.diag,2556,2557,9.999999999990479,9.999999999990479,-1,-1
25579,corner.diag,2557,2558,0,0,1,1
25589,corner.diag,2558,2559,9.999999999990479,9.999999999990479,-1,-1
25599,corner.diag,2559,2560,0,0,1,1
25609,corner.diag,2560,2561,9.999999999990479,9.999999999990479,-1,-1
25619,corner.diag,2561,2562,0,0,1,1
25629,corner.diag,2562,2563,9.999999999990479,9.999999999990479,-1,-1
25639,corner.diag,2563,2564,0,0,1,1
25649,corner.diag,2564,2565,9.999999999990479,9.999999999990479,-1,-1
25659,corner.diag,2565,2566,0,0,1,1
25669,corner.diag,2566,2567,9.999999999990479,9.999999999990479,-1,-1
25679,corner.diag,2567,2568,0,0,1,1
25689,corner.diag,2568,2569,9.999999999990479,9.999999999990479,-1,-1
25699,corner.diag,2569,2570,0,0,1,1
25709,corner.diag,2570,2571,9.999999999990479,9.999999999990479,-1,-1
25719,corner.diag,2571,2572,0,0,1,1
25729,corner.diag,2572,2573,9.999999999990479,9.999999999990479,-1,-1
25739,corner.diag,2573,2574,0,0,1,1
25749,corner.diag,2574,2575,9.999999999990479,9.999999999990479,-1,-1
25759,corner.diag,2575,2576,0,0,1,1
25769,corner.diag,2576,2577,9.999999999990479,9.999999999990479,-1,-1
25779,corner.diag,2577,2578,0,0,1,1
25789,corner.diag,2578,2579,9.999999999990479,9.999999999990479,-1,-1
25799,corner.diag,2579,2580,0,0,1,1
25809,corner.diag,2580,2581,9.999999999990479,9.999999999990479,-1,-1
25819,corner.diag,2581,2582,0,0,1,1
25829,corner.diag,2582,2583,9.999999999990479,9.999999999990479,-1,-1
25839,corner.diag,2583,2584,0,0,1,1
25849,corner.diag,2584,2585,9.999999999990479,9.999999999990479,-1,-1
25859,corner.diag,2585,2586,0,0,1,1
25869,corner.diag,2586,2587,9.999999999990479,9.999999999990479,-1,-1
25879,corner.diag,2587,2588,0,0,1,1
25889,corner.diag,2588,2589,9.999999999990479,9.999999999990479,-1,-1
25899,corner.diag,2589,2590,0,0,1,1
25909,corner.diag,2590,2591,9.999999999990479,9.999999999990479,-1,-1
25919,corner.diag,2591,2592,0,0,1,1
25929,corner.diag,2592,2593,9.999999999990479,9.999999999990479,-1,-1
25939,corner.diag,2593,2594,0,0,1,1
25949,corner.diag,2594,2595,9.999999999990479,9.999999999990479,-1,-1
25959,corner.diag,2595,2596,0,0,1,1
25969,corner.diag,2596,2597,9.999999999990479,9.999999999990479,-1,-1
25979,corner.diag,2597,2598,0,0,1,1
25989,corner.diag,2598,2599,9.999999999990479,9.999999999990479,-1,-1
25999,corner.diag,2599,2600,0,0,1,1
26009,corner.diag,2600,2601,9.999999999990479,9.999999999990479,-1,-1
26019,corner.diag,2601,2602,0,0,1,1
26029,corner.diag,2602,2603,9.999999999990479,9.999999999990479,-1,-1
26039,corner.diag,2603,2604,0,0,1,1
26049,corner.diag,2604,2605,9.999999999990479,9.999999999990479,-1,-1
26059,corner.diag,2605,2606,0,0,1,1
26069,corner.diag,2606,2607,9.999999999990479,9.999999999990479,-1,-1
26079,corner.diag,2607,2608,0,0,1,1
26089,corner.diag,2608,2609,9.999999999990479,9.999999999990479,-1,-1
26099,corner.diag,2609,2610,0,0,1,1
26109,corner.diag,2610,2611,9.999999999990479,9.999999999990479,-1,-1
26119,corner.diag,2611,2612,0,0,1,1
26129,corner.diag,2612,2613,9.999999999990479,9.999999999990479,-1,-1
26139,corner.diag,2613,2614,0,0,1,1
26149,corner.diag,2614,2615,9.999999999990479,9.999999999990479,-1,-1
26159,corner.diag,2615,2616,0,0,1,1
26169,corner.diag,2616,2617,9.999999999990479,9.999999999990479,-1,-1
26179,corner.diag,2617,2618,0,0,1,1
26189,corner.diag,2618,2619,9.999999999990479,9.999999999990479,-1,-1
26199,corner.diag,2619,2620,0,0,1,1
26209,corner.diag,2620,2621,9.999999999990479,9.999999999990479,-1,-1
26219,corner.diag,2621,2622,0,0,1,1
26229,corner.diag,2622,2623,9.999999999990479,9.999999999990479,-1,-1
26239,corner.diag,2623,2624,0,0,1,1
26249,corner.diag,2624,2625,9.999999999990479,9.999999999990479,-1,-1
26259,corner.diag,2625,2626,0,0,1,1
26269,corner.diag,2626,2627,9.999999999990479,9.999999999990479,-1,-1
26279,corner.diag,2627,2628,0,0,1,1
26289,corner.diag,2628,2629,9.999999999990479,9.999999999990479,-1,-1
26299,corner.diag,2629,2630,0,0,1,1
26309,corner.diag,2630,2631,9.999999999990479,9.999999999990479,-1,-1
26319,corner.diag,2631,2632,0,0,1,1
26329,corner.diag,2632,2633,9.999999999990479,9.999999999990479,-1,-1
26339,corner.diag,2633,2634,0,0,1,1
26349,corner.diag,2634,2635,9.999999999990479,9.999999999990479,-1,-1
26359,corner.diag,2635,2636,0,0,1,1
26369,corner.diag,2636,2637,9.999999999990479,9.999999999990479,-1,-1
26379,corner.diag,2637,2638,0,0,1,1
26389,corner.diag,2638,2639,9.999999999990479,9.999999999990479,-1,-1
26399,corner.diag,2639,2640,0,0,1,1
26409,corner.diag,2640,2641,9.999999999990479,9.999999999990479,-1,-1
26419,corner.diag,2641,2642,0,0,1,1
26429,corner.diag,2642,2643,9.999999999990479,9.999999999990479,-1,-1
26439,corner.diag,2643,2644,0,0,1,1
26449,corner.diag,2644,2645,9.999999999990479,9.999999999990479,-1,-1
26459,corner.diag,2645,2646,0,0,1,1
26469,corner.diag,2646,2647,9.999999999990479,9.999999999990479,-1,-1
26479,corner.diag,2647,2648,0,0,1,1
26489,corner.diag,2648,2649,9.999999999990479,9.999999999990479,-1,-1
26499,corner.diag,2649,2650,0,0,1,1
26509,corner.diag,2650,2651,9.999999999990479,9.999999999990479,-1,-1
26519,corner.diag,2651,2652,0,0,1,1
26529,corner.diag,2652,2653,9.999999999990479,9.999999999990479,-1,-1
26539,corner.diag,2653,2654,0,0,1,1
26549,corner.diag,2654,2655,9.999999999990479,9.999999999990479,-1,-1
26559,corner.diag,2655,2656,0,0,1,1
26569,corner.diag,2656,2657,9.999999999990479,9.999999999990479,-1,-1
26579,corner.diag,2657,2658,0,0,1,1
26589,corner.diag,2658,2659,9.999999999990479,9.999999999990479,-1,-1
26599,corner.diag,2659,2660,0,0,1,1
26609,corner.diag,2660,2661,9.999999999990479,9.999999999990479,-1,-1
26619,corner.diag,2661,2662,0,0,1,1
26629,corner.diag,2662,2663,9.999999999990479,9.999999999990479,-1,-1
26639,corner.diag,2663,2664,0,0,1,1
26649,corner.diag,2664,2665,9.999999999990479,9.999999999990479,-1,-1
26659,corner.diag,2665,2666,0,0,1,1
26669,corner.diag,2666,2667,9.999999999990479,9.999999999990479,-1,-1
26679,corner.diag,2667,2668,0,0,1,1
26689,corner.diag,2668,2669,9.999999999990479,9.999999999990479,-1,-1
26699,corner.diag,2669,2670,0,0,1,1
26709,corner.diag,2670,2671,9.999999999990479,9.999999999990479,-1,-1
26719,corner.diag,2671,2672,0,0,1,1
26729,corner.diag,2672,2673,9.999999999990479,9.999999999990479,-1,-1
26739,corner.diag,2673,2674,0,0,1,1
26749,corner.diag,2674,2675,9.999999999990479,9.999999999990479,-1,-1
26759,corner.diag,2675,2676,0,0,1,1
26769,corner.diag,2676,2677,9.999999999990479,9.999999999990479,-1,-1
26779,corner.diag,2677,2678,0,0,1,1
26789,corner.diag,2678,2679,9.999999999990479,9.999999999990479,-1,-1
26799,corner.diag,2679,2680,0,0,1,1
26809,corner.diag,2680,2681,9.999999999990479,9.999999999990479,-1,-1
26819,corner.diag,2681,2682,0,0,1,1
26829,corner.diag,2682,2683,9.999999999990479,9.999999999990479,-1,-1
26839,corner.diag,2683,2684,0,0,1,1
26849,corner.diag,2684,2685,9.999999999990479,9.999999999990479,-1,-1
26859,corner.diag,2685,2686,0,0,1,1
26869,corner.diag,2686,2687,9.999999999990479,9.999999999990479,-1,-1
26879,corner.diag,2687,2688,0,0,1,1
26889,corner.diag,2688,2689,9.999999999990479,9.999999999990479,-1,-1
26899,corner.diag,2689,2690,0,0,1,1
26909,corner.diag,2690,2691,9.999999999990479,9.999999999990479,-1,-1
26919,corner.diag,2691,2692,0,0,1,1
26929,corner.diag,2692,2693,9.999999999990479,9.999999999990479,-1,-1
26939,corner.diag,2693,2694,0,0,1,1
26949,corner.diag,2694,2695,9.999999999990479,9.999999999990479,-1,-1
26959,corner.diag,2695,2696,0,0,1,1
26969,corner.diag,2696,2697,9.999999999990479,9.999999999990479,-1,-1
26979,corner.diag,2697,2698,0,0,1,1
26989,corner.diag,2698,2699,9.999999999990479,9.999999999990479,-1,-1
26999,corner.diag,2699,2700,0,0,1,1
27009,corner.diag,2700,2701,9.999999999990479,9.999999999990479,-1,-1
27019,corner.diag,2701,2702,0,0,1,1
27029,corner.diag,2702,2703,9.999999999990479,9.999999999990479,-1,-1
27039,corner.diag,2703,2704,0,0,1,1
27049,corner.diag,2704,2705,9.999999999990479,9.999999999990479,-1,-1
27059,corner.diag,2705,2706,0,0,1,1
27069,corner.diag,2706,2707,9.999999999990479,9.999999999990479,-1,-1
27079,corner.diag,2707,2708,0,0,1,1
27089,corner.diag,2708,2709,9.999999999990479,9.999999999990479,-1,-1
27099,corner.diag,2709,2710,0,0,1,1
27109,corner.diag,2710,2711,9.999999999990479,9.999999999990479,-1,-1
27119,corner.diag,2711,2712,0,0,1,1
27129,corner.diag,2712,2713,9.999999999990479,9.999999999990479,-1,-1
27139,corner.diag,2713,2714,0,0,1,1
27149,corner.diag,2714,2715,9.999999999990479,9.999999999990479,-1,-1
27159,corner.diag,2715,2716,0,0,1,1
27169,corner.diag,2716,2717,9.999999999990479,9.999999999990479,-1,-1
27179,corner.diag,2717,2718,0,0,1,1
27189,corner.diag,2718,2719,9.999999999990479,9.999999999990479,-1,-1
27199,corner.diag,2719,2720,0,0,1,1
27209,corner.diag,2720,2721,9.999999999990479,9.999999999990479,-1,-1
27219,corner.diag,2721,2722,0,0,1,1
27229,corner.diag,2722,2723,9.999999999990479,9.999999999990479,-1,-1
27239,corner.diag,2723,2724,0,0,1,1
27249,corner.diag,2724,2725,9.999999999990479,9.999999999990479,-1,-1
27259,corner.diag,2725,2726,0,0,1,1
27269,corner.diag,2726,2727,9.999999999990479,9.999999999990479,-1,-1
27279,corner.diag,2727,2728,0,0,1,1
27289,corner.diag,2728,2729,9.999999999990479,9.999999999990479,-1,-1
27299,corner.diag,2729,2730,0,0,1,1
27309,corner.diag,2730,2731,9.999999999990479,9.999999999990479,-1,-1
27319,corner.diag,2731,2732,0,0,1,1
27329,corner.diag,2732,2733,9.999999999990479,9.999999999990479,-1,-1
27339,corner.diag,2733,2734,0,0,1,1
27349,corner.diag,2734,2735,9.999999999990479,9.999999999990479,-1,-1
27359,corner.diag,2735,2736,0,0,1,1
27369,corner.diag,2736,2737,9.999999999990479,9.999999999990479,-1,-1
27379,corner.diag,2737,2738,0,0,1,1
27389,corner.diag,2738,2739,9.999999999990479,9.999999999990479,-1,-1
27399,corner.diag,2739,2740,0,0,1,1
27409,corner.diag,2740,2741,9.999999999990479,9.999999999990479,-1,-1
27419,corner.diag,2741,2742,0,0,1,1
27429,corner.diag,2742,2743,9.999999999990479,9.999999999990479,-1,-1
27439,corner.diag,2743,2744,0,0,1,1
27449,corner.diag,2744,2745,9.999999999990479,9.999999999990479,-1,-1
27459,corner.diag,2745,2746,0,0,1,1
27469,corner.diag,2746,2747,9.999999999990479,9.999999999990479,-1,-1
27479,corner.diag,2747,2748,0,0,1,1
27489,corner.diag,2748,2749,9.999999999990479,9.999999999990479,-1,-1
27499,corner.diag,2749,2750,0,0,1,1
27509,corner.diag,2750,2751,9.999999999990479,9.999999999990479,-1,-1
27519,corner.diag,2751,2752,0,0,1,1
27529,corner.diag,2752,2753,9.999999999990479,9.999999999990479,-1,-1
27539,corner.diag,2753,2754,0,0,1,1
27549,corner.diag,2754,2755,9.999999999990479,9.999999999990479,-1,-1
27559,corner.diag,2755,2756,0,0,1,1
27569,corner.diag,2756,2757,9.999999999990479,9.999999999990479,-1,-1
27579,corner.diag,2757,2758,0,0,1,1
27589,corner.diag,2758,2759,9.999999999990479,9.999999999990479,-1,-1
27599,corner.diag,2759,2760,0,0,1,1
27609,corner.diag,2760,2761,9.999999999990479,9.999999999990479,-1,-1
27619,corner.diag,2761,2762,0,0,1,1
27629,corner.diag,2762,2763,9.999999999990479,9.999999999990479,-1,-1
27639,corner.diag,2763,2764,0,0,1,1
27649,corner.diag,2764,2765,9.999999999990479,9.999999999990479,-1,-1
27659,corner.diag,2765,2766,0,0,1,1
27669,corner.diag,2766,2767,9.999999999990479,9.999999999990479,-1,-1
27679,corner.diag,2767,2768,0,0,1,1
27689,corner.diag,2768,2769,9.999999999990479,9.999999999990479,-1,-1
27699,corner.diag,2769,2770,0,0,1,1
27709,corner.diag,2770,2771,9.999999999990479,9.999999999990479,-1,-1
27719,corner.diag,2771,2772,0,0,1,1
27729,corner.diag,2772,2773,9.999999999990479,9.999999999990479,-1,-1
27739,corner.diag,2773,2774,0,0,1,1
27749,corner.diag,2774,2775,9.999999999990479,9.999999999990479,-1,-1
27759,corner.diag,2775,2776,0,0,1,1
27769,corner.diag,2776,2777,9.999999999990479,9.999999999990479,-1,-1
27779,corner.diag,2777,2778,0,0,1,1
27789,corner.diag,2778,2779,9.999999999990479,9.999999999990479,-1,-1
27799,corner.diag,2779,2780,0,0,1,1
27809,corner.diag,2780,2781,9.999999999990479,9.999999999990479,-1,-1
27819,corner.diag,2781,2782,0,0,1,1
27829,corner.diag,2782,2783,9.999999999990479,9.999999999990479,-1,-1
27839,corner.diag,2783,2784,0,0,1,1
27849,corner.diag,2784,2785,9.999999999990479,9.999999999990479,-1,-1
27859,corner.diag,2785,2786,0,0,1,1
27869,corner.diag,2786,2787,9.999999999990479,9.999999999990479,-1,-1
27879,corner.diag,2787,2788,0,0,1,1
27889,corner.diag,2788,2789,9.999999999990479,9.999999999990479,-1,-1
27899,corner.diag,2789,2790,0,0,1,1
27909,corner.diag,2790,2791,9.999999999990479,9.999999999990479,-1,-1
27919,corner.diag,2791,2792,0,0,1,1
27929,corner.diag,2792,2793,9.999999999990479,9.999999999990479,-1,-1
27939,corner.diag,2793,2794,0,0,1,1
27949,corner.diag,2794,2795,9.999999999990479,9.999999999990479,-1,-1
27959,corner.diag,2795,2796,0,0,1,1
27969,corner.diag,2796,2797,9.999999999990479,9.999999999990479,-1,-1
27979,corner.diag,2797,2798,0,0,1,1
27989,corner.diag,2798,2799,9.999999999990479,9.999999999990479,-1,-1
27999,corner.diag,2799,2800,0,0,1,1
28009,corner.diag,2800,2801,9.999999999990479,9.999999999990479,-1,-1
28019,corner.diag,2801,2802,0,0,1,1
28029,corner.diag,2802,2803,9.999999999990479,9.999999999990479,-1,-1
28039,corner.diag,2803,2804,0,0,1,1
28049,corner.diag,2804,2805,9.999999999990479,9.999999999990479,-1,-1
28059,corner.diag,2805,2806,0,0,1,1
28069,corner.diag,2806,2807,9.999999999990479,9.999999999990479,-1,-1
28079,corner.diag,2807,2808,0,0,1,1
28089,corner.diag,2808,2809,9.999999999990479,9.999999999990479,-1,-1
28099,corner.diag,2809,2810,0,0,1,1
28109,corner.diag,2810,2811,9.999999999990479,9.999999999990479,-1,-1
28119,corner.diag,2811,2812,0,0,1,1
28129,corner.diag,2812,2813,9.999999999990479,9.999999999990479,-1,-1
28139,corner.diag,2813,2814,0,0,1,1
28149,corner.diag,2814,2815,9.999999999990479,9.999999999990479,-1,-1
28159,corner.diag,2815,2816,0,0,1,1
28169,corner.diag,2816,2817,9.999999999990479,9.999999999990479,-1,-1
28179,corner.diag,2817,2818,0,0,1,1
28189,corner.diag,2818,2819,9.999999999990479,9.999999999990479,-1,-1
28199,corner.diag,2819,2820,0,0,1,1
28209,corner.diag,2820,2821,9.999999999990479,9.999999999990479,-1,-1
28219,corner.diag,2821,2822,0,0,1,1
28229,corner.diag,2822,2823,9.999999999990479,9.999999999990479,-1,-1
28239,corner.diag,2823,2824,0,0,1,1
28249,corner.diag,2824,2825,9.999999999990479,9.999999999990479,-1,-1
28259,corner.diag,2825,2826,0,0,1,1
28269,corner.diag,2826,2827,9.999999999990479,9.999999999990479,-1,-1
28279,corner.diag,2827,2828,0,0,1,1
28289,corner.diag,2828,2829,9.999999999990479,9.999999999990479,-1,-1
28299,corner.diag,2829,2830,0,0,1,1
28309,corner.diag,2830,2831,9.999999999990479,9.999999999990479,-1,-1
28319,corner.diag,2831,2832,0,0,1,1
28329,corner.diag,2832,2833,9.999999999990479,9.999999999990479,-1,-1
28339,corner.diag,2833,2834,0,0,1,1
28349,corner.diag,2834,2835,9.999999999990479,9.999999999990479,-1,-1
28359,corner.diag,2835,2836,0,0,1,1
28369,corner.diag,2836,2837,9.999999999990479,9.999999999990479,-1,-1
28379,corner.diag,2837,2838,0,0,1,1
28389,corner.diag,2838,2839,9.999999999990479,9.999999999990479,-1,-1
28399,corner.diag,2839,2840,0,0,1,1
28409,corner.diag,2840,2841,9.999999999990479,9.999999999990479,-1,-1
28419,corner.diag,2841,2842,0,0,1,1
28429,corner.diag,2842,2843,9.999999999990479,9.999999999990479,-1,-1
28439,corner.diag,2843,2844,0,0,1,1
28449,corner.diag,2844,2845,9.999999999990479,9.999999999990479,-1,-1
28459,corner.diag,2845,2846,0,0,1,1
28469,corner.diag,2846,2847,9.999999999990479,9.999999999990479,-1,-1
28479,corner.diag,2847,2848,0,0,1,1
28489,corner.diag,2848,2849,9.999999999990479,9.999999999990479,-1,-1
28499,corner.diag,2849,2850,0,0,1,1
28509,corner.diag,2850,2851,9.999999999990479,9.999999999990479,-1,-1
28519,corner.diag,2851,2852,0,0,1,1
28529,corner.diag,2852,2853,9.999999999990479,9.999999999990479,-1,-1
28539,corner.diag,2853,2854,0,0,1,1
28549,corner.diag,2854,2855,9.999999999990479,9.999999999990479,-1,-1
28559,corner.diag,2855,2856,0,0,1,1
28569,corner.diag,2856,2857,9.999999999990479,9.999999999990479,-1,-1
28579,corner.diag,2857,2858,0,0,1,1
28589,corner.diag,2858,2859,9.999999999990479,9.999999999990479,-1,-1
28599,corner.diag,2859,2860,0,0,1,1
28609,corner.diag,2860,2861,9.999999999990479,9.999999999990479,-1,-1
28619,corner.diag,2861,2862,0,0,1,1
28629,corner.diag,2862,2863,9.999999999990479,9.999999999990479,-1,-1
28639,corner.diag,2863,2864,0,0,1,1
28649,corner.diag,2864,2865,9.999999999990479,9.999999999990479,-1,-1
28659,corner.diag,2865,2866,0,0,1,1
28669,corner.diag,2866,2867,9.999999999990479,9.999999999990479,-1,-1
28679,corner.diag,2867,2868,0,0,1,1
28689,corner.diag,2868,2869,9.999999999990479,9.999999999990479,-1,-1
28699,corner.diag,2869,2870,0,0,1,1
28709,corner.diag,2870,2871,9.999999999990479,9.999999999990479,-1,-1
28719,corner.diag,2871,2872,0,0,1,1
28729,corner.diag,2872,2873,9.999999999990479,9.999999999990479,-1,-1
28739,corner.diag,2873,2874,0,0,1,1
28749,corner.diag,2874,2875,9.999999999990479,9.999999999990479,-1,-1
28759,corner.diag,2875,2876,0,0,1,1
28769,corner.diag,2876,2877,9.999999999990479,9.999999999990479,-1,-1
28779,corner.diag,2877,2878,0,0,1,1
28789,corner.diag,2878,2879,9.999999999990479,9.999999999990479,-1,-1
28799,corner.diag,2879,2880,0,0,1,1
28809,corner.diag,2880,2881,9.999999999990479,9.999999999990479,-1,-1
28819,corner.diag,2881,2882,0,0,1,1
28829,corner.diag,2882,2883,9.999999999990479,9.999999999990479,-1,-1
28839,corner.diag,2883,2884,0,0,1,1
28849,corner.diag,2884,2885,9.999999999990479,9.999999999990479,-1,-1
28859,corner.diag,2885,2886,0,0,1,1
28869,corner.diag,2886,2887,9.999999999990479,9.999999999990479,-1,-1
28879,corner.diag,2887,2888,0,0,1,1
28889,corner.diag,2888,2889,9.999999999990479,9.999999999990479,-1,-1
28899,corner.diag,2889,2890,0,0,1,1
28909,corner.diag,2890,2891,9.999999999990479,9.999999999990479,-1,-1
28919,corner.diag,2891,2892,0,0,1,1
28929,corner.diag,2892,2893,9.999999999990479,9.999999999990479,-1,-1
28939,corner.diag,2893,2894,0,0,1,1
28949,corner.diag,2894,2895,9.999999999990479,9.999999999990479,-1,-1
28959,corner.diag,2895,2896,0,0,1,1
28969,corner.diag,2896,2897,9.999999999990479,9.999999999990479,-1,-1
28979,corner.diag,2897,2898,0,0,1,1
28989,corner.diag,2898,2899,9.999999999990479,9.999999999990479,-1,-1
28999,corner.diag,2899,2900,0,0,1,1
29009,corner.diag,2900,2901,9.999999999990479,9.999999999990479,-1,-1
29019,corner.diag,2901,2902,0,0,1,1
29029,corner.diag,2902,2903,9.999999999990479,9.999999999990479,-1,-1
29039,corner.diag,2903,2904,0,0,1,1
29049,corner.diag,2904,2905,9.999999999990479,9.999999999990479,-1,-1
29059,corner.diag,2905,2906,0,0,1,1
29069,corner.diag,2906,2907,9.999999999990479,9.999999999990479,-1,-1
29079,corner.diag,2907,2908,0,0,1,1
29089,corner.diag,2908,2909,9.999999999990479,9.999999999990479,-1,-1
29099,corner.diag,2909,2910,0,0,1,1
29109,corner.diag,2910,2911,9.999999999990479,9.999999999990479,-1,-1
29119,corner.diag,2911,2912,0,0,1,1
29129,corner.diag,2912,2913,9.999999999990479,9.999999999990479,-1,-1
29139,corner.diag,2913,2914,0,0,1,1
29149,corner.diag,2914,2915,9.999999999990479,9.999999999990479,-1,-1
29159,corner.diag,2915,2916,0,0,1,1
29169,corner.diag,2916,2917,9.999999999990479,9.999999999990479,-1,-1
29179,corner.diag,2917,2918,0,0,1,1
29189,corner.diag,2918,2919,9.999999999990479,9.999999999990479,-1,-1
29199,corner.diag,2919,2920,0,0,1,1
29209,corner.diag,2920,2921,9.999999999990479,9.999999999990479,-1,-1
29219,corner.diag,2921,2922,0,0,1,1
29229,corner.diag,2922,2923,9.999999999990479,9.999999999990479,-1,-1
29239,corner.diag,2923,2924,0,0,1,1
29249,corner.diag,2924,2925,9.999999999990479,9.999999999990479,-1,-1
29259,corner.diag,2925,2926,0,0,1,1
29269,corner.diag,2926,2927,9.999999999990479,9.999999999990479,-1,-1
29279,corner.diag,2927,2928,0,0,1,1
29289,corner.diag,2928,2929,9.999999999990479,9.999999999990479,-1,-1
29299,corner.diag,2929,2930,0,0,1,1
29309,corner.diag,2930,2931,9.999999999990479,9.999999999990479,-1,-1
29319,corner.diag,2931,2932,0,0,1,1
29329,corner.diag,2932,2933,9.999999999990479,9.999999999990479,-1,-1
29339,corner.diag,2933,2934,0,0,1,1
29349,corner.diag,2934,2935,9.999999999990479,9.999999999990479,-1,-1
29359,corner.diag,2935,2936,0,0,1,1
29369,corner.diag,2936,2937,9.999999999990479,9.999999999990479,-1,-1
29379,corner.diag,2937,2938,0,0,1,1
29389,corner.diag,2938,2939,9.999999999990479,9.999999999990479,-1,-1
29399,corner.diag,2939,2940,0,0,1,1
29409,corner.diag,2940,2941,9.999999999990479,9.999999999990479,-1,-1
29419,corner.diag,2941,2942,0,0,1,1
29429,corner.diag,2942,2943,9.999999999990479,9.999999999990479,-1,-1
29439,corner.diag,2943,2944,0,0,1,1
29449,corner.diag,2944,2945,9.999999999990479,9.999999999990479,-1,-1
29459,corner.diag,2945,2946,0,0,1,1
29469,corner.diag,2946,2947,9.999999999990479,9.999999999990479,-1,-1
29479,corner.diag,2947,2948,0,0,1,1
29489,corner.diag,2948,2949,9.999999999990479,9.999999999990479,-1,-1
29499,corner.diag,2949,2950,0,0,1,1
29509,corner.diag,2950,2951,9.999999999990479,9.999999999990479,-1,-1
29519,corner.diag,2951,2952,0,0,1,1
29529,corner.diag,2952,2953,9.999999999990479,9.999999999990479,-1,-1
29539,corner.diag,2953,2954,0,0,1,1
29549,corner.diag,2954,2955,9.999999999990479,9.999999999990479,-1,-1
29559,corner.diag,2955,2956,0,0,1,1
29569,corner.diag,2956,2957,9.999999999990479,9.999999999990479,-1,-1
29579,corner.diag,2957,2958,0,0,1,1
29589,corner.diag,2958,2959,9.999999999990479,9.999999999990479,-1,-1
29599,corner.diag,2959,2960,0,0,1,1
29609,corner.diag,2960,2961,9.999999999990479,9.999999999990479,-1,-1
29619,corner.diag,2961,2962,0,0,1,1
29629,corner.diag,2962,2963,9.999999999990479,9.999999999990479,-1,-1
29639,corner.diag,2963,2964,0,0,1,1
29649,corner.diag,2964,2965,9.999999999990479,9.999999999990479,-1,-1
29659,corner.diag,2965,2966,0,0,1,1
29669,corner.diag,2966,2967,9.999999999990479,9.999999999990479,-1,-1
29679,corner.diag,2967,2968,0,0,1,1
29689,corner.diag,2968,2969,9.999999999990479,9.999999999990479,-1,-1
29699,corner.diag,2969,2970,0,0,1,1
29709,corner.diag,2970,2971,9.999999999990479,9.999999999990479,-1,-1
29719,corner.diag,2971,2972,0,0,1,1
29729,corner.diag,2972,2973,9.999999999990479,9.999999999990479,-1,-1
29739,corner.diag,2973,2974,0,0,1,1
29749,corner.diag,2974,2975,9.999999999990479,9.999999999990479,-1,-1
29759,corner.diag,2975,2976,0,0,1,1
29769,corner.diag,2976,2977,9.999999999990479,9.999999999990479,-1,-1
29779,corner.diag,2977,2978,0,0,1,1
29789,corner.diag,2978,2979,9.999999999990479,9.999999999990479,-1,-1
29799,corner.diag,2979,2980,0,0,1,1
29809,corner.diag,2980,2981,9.999999999990479,9.999999999990479,-1,-1
29819,corner.diag,2981,2982,0,0,1,1
29829,corner.diag,2982,2983,9.999999999990479,9.999999999990479,-1,-1
29839,corner.diag,2983,2984,0,0,1,1
29849,corner.diag,2984,2985,9.999999999990479,9.999999999990479,-1,-1
29859,corner.diag,2985,2986,0,0,1,1
29869,corner.diag,2986,2987,9.999999999990479,9.999999999990479,-1,-1
29879,corner.diag,2987,2988,0,0,1,1
29889,corner.diag,2988,2989,9.999999999990479,9.999999999990479,-1,-1
29899,corner.diag,2989,2990,0,0,1,1
29909,corner.diag,2990,2991,9.999999999990479,9.999999999990479,-1,-1
29919,corner.diag,2991,2992,0,0,1,1
29929,corner.diag,2992,2993,9.999999999990479,9.999999999990479,-1,-1
29939,corner.diag,2993,2994,0,0,1,1
29949,corner.diag,2994,2995,9.999999999990479,9.999999999990479,-1,-1
29959,corner.diag,2995,2996,0,0,1,1
29969,corner.diag,2996,2997,9.999999999990479,9.999999999990479,-1,-1
29979,corner.diag,2997,2998,0,0,1,1
29989,corner.diag,2998,2999,9.999999999990479,9.999999999990479,-1,-1
29999,corner.diag,2999,3000,0,0,1,1
30009,corner.diag,3000,3001,9.999999999990479,9.999999999990479,-1,-1
30019,corner.diag,3001,3002,0,0,1,1
30029,corner.diag,3002,3003,9.999999999990479,9.999999999990479,-1,-1
30039,corner.diag,3003,3004,0,0,1,1
30049,corner.diag,3004,3005,9.999999999990479,9.999999999990479,-1,-1
30059,corner.diag,3005,3006,0,0,1,1
30069,corner.diag,3006,3007,9.999999999990479,9.999999999990479,-1,-1
30079,corner.diag,3007,3008,0,0,1,1
30089,corner.diag,3008,3009,9.999999999990479,9.999999999990479,-1,-1
30099,corner.diag,3009,3010,0,0,1,1
30109,corner.diag,3010,3011,9.999999999990479,9.999999999990479,-1,-1
30119,corner.diag,3011,3012,0,0,1,1
30129,corner.diag,3012,3013,9.999999999990479,9.999999999990479,-1,-1
30139,corner.diag,3013,3014,0,0,1,1
30149,corner.diag,3014,3015,9.999999999990479,9.999999999990479,-1,-1
30159,corner.diag,3015,3016,0,0,1,1
30169,corner.diag,3016,3017,9.999999999990479,9.999999999990479,-1,-1
30179,corner.diag,3017,3018,0,0,1,1
30189,corner.diag,3018,3019,9.999999999990479,9.999999999990479,-1,-1
30199,corner.diag,3019,3020,0,0,1,1
30209,corner.diag,3020,3021,9.999999999990479,9.999999999990479,-1,-1
30219,corner.diag,3021,3022,0,0,1,1
30229,corner.diag,3022,3023,9.999999999990479,9.999999999990479,-1,-1
30239,corner.diag,3023,3024,0,0,1,1
30249,corner.diag,3024,3025,9.999999999990479,9.999999999990479,-1,-1
30259,corner.diag,3025,3026,0,0,1,1
30269,corner.diag,3026,3027,9.999999999990479,9.999999999990479,-1,-1
30279,corner.diag,3027,3028,0,0,1,1
30289,corner.diag,3028,3029,9.999999999990479,9.999999999990479,-1,-1
30299,corner.diag,3029,3030,0,0,1,1
30309,corner.diag,3030,3031,9.999999999990479,9.999999999990479,-1,-1
30319,corner.diag,3031,3032,0,0,1,1
30329,corner.diag,3032,3033,9.999999999990479,9.999999999990479,-1,-1
30339,corner.diag,3033,3034,0,0,1,1
30349,corner.diag,3034,3035,9.999999999990479,9.999999999990479,-1,-1
30359,corner.diag,3035,3036,0,0,1,1
30369,corner.diag,3036,3037,9.999999999990479,9.999999999990479,-1,-1
30379,corner.diag,3037,3038,0,0,1,1
30389,corner.diag,3038,3039,9.999999999990479,9.999999999990479,-1,-1
30399,corner.diag,3039,3040,0,0,1,1
30409,corner.diag,3040,3041,9.999999999990479,9.999999999990479,-1,-1
30419,corner.diag,3041,3042,0,0,1,1
30429,corner.diag,3042,3043,9.999999999990479,9.999999999990479,-1,-1
30439,corner.diag,3043,3044,0,0,1,1
30449,corner.diag,3044,3045,9.999999999990479,9.999999999990479,-1,-1
30459,corner.diag,3045,3046,0,0,1,1
30469,corner.diag,3046,3047,9.999999999990479,9.999999999990479,-1,-1
30479,corner.diag,3047,3048,0,0,1,1
30489,corner.diag,3048,3049,9.999999999990479,9.999999999990479,-1,-1
30499,corner.diag,3049,3050,0,0,1,1
30509,corner.diag,3050,3051,9.999999999990479,9.999999999990479,-1,-1
30519,corner.diag,3051,3052,0,0,1,1
30529,corner.diag,3052,3053,9.999999999990479,9.999999999990479,-1,-1
30539,corner.diag,3053,3054,0,0,1,1
30549,corner.diag,3054,3055,9.999999999990479,9.999999999990479,-1,-1
30559,corner.diag,3055,3056,0,0,1,1
30569,corner.diag,3056,3057,9.999999999990479,9.999999999990479,-1,-1
30579,corner.diag,3057,3058,0,0,1,1
30589,corner.diag,3058,3059,9.999999999990479,9.999999999990479,-1,-1
30599,corner.diag,3059,3060,0,0,1,1
30609,corner.diag,3060,3061,9.999999999990479,9.999999999990479,-1,-1
30619,corner.diag,3061,3062,0,0,1,1
30629,corner.diag,3062,3063,9.999999999990479,9.999999999990479,-1,-1
30639,corner.diag,3063,3064,0,0,1,1
30649,corner.diag,3064,3065,9.999999999990479,9.999999999990479,-1,-1
30659,corner.diag,3065,3066,0,0,1,1
30669,corner.diag,3066,3067,9.999999999990479,9.999999999990479,-1,-1
30679,corner.diag,3067,3068,0,0,1,1
30689,corner.diag,3068,3069,9.999999999990479,9.999999999990479,-1,-1
30699,corner.diag,3069,3070,0,0,1,1
30709,corner.diag,3070,3071,9.999999999990479,9.999999999990479,-1,-1
30719,corner.diag,3071,3072,0,0,1,1
30729,corner.diag,3072,3073,9.999999999990479,9.999999999990479,-1,-1
30739,corner.diag,3073,3074,0,0,1,1
30749,corner.diag,3074,3075,9.999999999990479,9.999999999990479,-1,-1
30759,corner.diag,3075,3076,0,0,1,1
30769,corner.diag,3076,3077,9.999999999990479,9.999999999990479,-1,-1
30779,corner.diag,3077,3078,0,0,1,1
30789,corner.diag,3078,3079,9.999999999990479,9.999999999990479,-1,-1
30799,corner.diag,3079,3080,0,0,1,1
30809,corner.diag,3080,3081,9.999999999990479,9.999999999990479,-1,-1
30819,corner.diag,3081,3082,0,0,1,1
30829,corner.diag,3082,3083,9.999999999990479,9.999999999990479,-1,-1
30839,corner.diag,3083,3084,0,0,1,1
30849,corner.diag,3084,3085,9.999999999990479,9.999999999990479,-1,-1
30859,corner.diag,3085,3086,0,0,1,1
30869,corner.diag,3086,3087,9.999999999990479,9.999999999990479,-1,-1
30879,corner.diag,3087,3088,0,0,1,1
30889,corner.diag,3088,3089,9.999999999990479,9.999999999990479,-1,-1
30899,corner.diag,3089,3090,0,0,1,1
30909,corner.diag,3090,3091,9.999999999990479,9.999999999990479,-1,-1
30919,corner.diag,3091,3092,0,0,1,1
30929,corner.diag,3092,3093,9.999999999990479,9.999999999990479,-1,-1
30939,corner.diag,3093,3094,0,0,1,1
30949,corner.diag,3094,3095,9.999999999990479,9.999999999990479,-1,-1
30959,corner.diag,3095,3096,0,0,1,1
30969,corner.diag,3096,3097,9.999999999990479,9.999999999990479,-1,-1
30979,corner.diag,3097,3098,0,0,1,1
30989,corner.diag,3098,3099,9.999999999990479,9.999999999990479,-1,-1
30999,corner.diag,3099,3100,0,0,1,1
31009,corner.diag,3100,3101,9.999999999990479,9.999999999990479,-1,-1
31019,corner.diag,3101,3102,0,0,1,1
31029,corner.diag,3102,3103,9.999999999990479,9.999999999990479,-1,-1
31039,corner.diag,3103,3104,0,0,1,1
31049,corner.diag,3104,3105,9.999999999990479,9.999999999990479,-1,-1
31059,corner.diag,3105,3106,0,0,1,1
31069,corner.diag,3106,3107,9.999999999990479,9.999999999990479,-1,-1
31079,corner.diag,3107,3108,0,0,1,1
31089,corner.diag,3108,3109,9.999999999990479,9.999999999990479,-1,-1
31099,corner.diag,3109,3110,0,0,1,1
31109,corner.diag,3110,3111,9.999999999990479,9.999999999990479,-1,-1
31119,corner.diag,3111,3112,0,0,1,1
31129,corner.diag,3112,3113,9.999999999990479,9.999999999990479,-1,-1
31139,corner.diag,3113,3114,0,0,1,1
31149,corner.diag,3114,3115,9.999999999990479,9.999999999990479,-1,-1
31159,corner.diag,3115,3116,0,0,1,1
31169,corner.diag,3116,3117,9.999999999990479,9.999999999990479,-1,-1
31179,corner.diag,3117,3118,0,0,1,1
31189,corner.diag,3118,3119,9.999999999990479,9.999999999990479,-1,-1
31199,corner.diag,3119,3120,0,0,1,1
31209,corner.diag,3120,3121,9.999999999990479,9.999999999990479,-1,-1
31219,corner.diag,3121,3122,0,0,1,1
31229,corner.diag,3122,3123,9.999999999990479,9.999999999990479,-1,-1
31239,corner.diag,3123,3124,0,0,1,1
31249,corner.diag,3124,3125,9.999999999990479,9.999999999990479,-1,-1
31259,corner.diag,3125,3126,0,0,1,1
31269,corner.diag,3126,3127,9.999999999990479,9.999999999990479,-1,-1
31279,corner.diag,3127,3128,0,0,1,1
31289,corner.diag,3128,3129,9.999999999990479,9.999999999990479,-1,-1
31299,corner.diag,3129,3130,0,0,1,1
31309,corner.diag,3130,3131,9.999999999990479,9.999999999990479,-1,-1
31319,corner.diag,3131,3132,0,0,1,1
31329,corner.diag,3132,3133,9.999999999990479,9.999999999990479,-1,-1
31339,corner.diag,3133,3134,0,0,1,1
31349,corner.diag,3134,3135,9.999999999990479,9.999999999990479,-1,-1
31359,corner.diag,3135,3136,0,0,1,1
31369,corner.diag,3136,3137,9.999999999990479,9.999999999990479,-1,-1
31379,corner.diag,3137,3138,0,0,1,1
31389,corner.diag,3138,3139,9.999999999990479,9.999999999990479,-1,-1
31399,corner.diag,3139,3140,0,0,1,1
31409,corner.diag,3140,3141,9.999999999990479,9.999999999990479,-1,-1
31419,corner.diag,3141,3142,0,0,1,1
31429,corner.diag,3142,3143,9.999999999990479,9.999999999990479,-1,-1
31439,corner.diag,3143,3144,0,0,1,1
31449,corner.diag,3144,3145,9.999999999990479,9.999999999990479,-1,-1
31459,corner.diag,3145,3146,0,0,1,1
31469,corner.diag,3146,3147,9.999999999990479,9.999999999990479,-1,-1
31479,corner.diag,3147,3148,0,0,1,1
31489,corner.diag,3148,3149,9.999999999990479,9.999999999990479,-1,-1
31499,corner.diag,3149,3150,0,0,1,1
31509,corner.diag,3150,3151,9.999999999990479,9.999999999990479,-1,-1
31519,corner.diag,3151,3152,0,0,1,1
31529,corner.diag,3152,3153,9.999999999990479,9.999999999990479,-1,-1
31539,corner.diag,3153,3154,0,0,1,1
31549,corner.diag,3154,3155,9.999999999990479,9.999999999990479,-1,-1
31559,corner.diag,3155,3156,0,0,1,1
31569,corner.diag,3156,3157,9.999999999990479,9.999999999990479,-1,-1
31579,corner.diag,3157,3158,0,0,1,1
31589,corner.diag,3158,3159,9.999999999990479,9.999999999990479,-1,-1
31599,corner.diag,3159,3160,0,0,1,1
31609,corner.diag,3160,3161,9.999999999990479,9.999999999990479,-1,-1
31619,corner.diag,3161,3162,0,0,1,1
31629,corner.diag,3162,3163,9.999999999990479,9.999999999990479,-1,-1
31639,corner.diag,3163,3164,0,0,1,1
31649,corner.diag,3164,3165,9.999999999990479,9.999999999990479,-1,-1
31659,corner.diag,3165,3166,0,0,1,1
31669,corner.diag,3166,3167,9.999999999990479,9.999999999990479,-1,-1
31679,corner.diag,3167,3168,0,0,1,1
31689,corner.diag,3168,3169,9.999999999990479,9.999999999990479,-1,-1
31699,corner.diag,3169,3170,0,0,1,1
31709,corner.diag,3170,3171,9.999999999990479,9.999999999990479,-1,-1
31719,corner.diag,3171,3172,0,0,1,1
31729,corner.diag,3172,3173,9.999999999990479,9.999999999990479,-1,-1
31739,corner.diag,3173,3174,0,0,1,1
31749,corner.diag,3174,3175,9.999999999990479,9.999999999990479,-1,-1
31759,corner.diag,3175,3176,0,0,1,1
31769,corner.diag,3176,3177,9.999999999990479,9.999999999990479,-1,-1
31779,corner.diag,3177,3178,0,0,1,1
31789,corner.diag,3178,3179,9.999999999990479,9.999999999990479,-1,-1
31799,corner.diag,3179,3180,0,0,1,1
31809,corner.diag,3180,3181,9.999999999990479,9.999999999990479,-1,-1
31819,corner.diag,3181,3182,0,0,1,1
31829,corner.diag,3182,3183,9.999999999990479,9.999999999990479,-1,-1
31839,corner.diag,3183,3184,0,0,1,1
31849,corner.diag,3184,3185,9.999999999990479,9.999999999990479,-1,-1
31859,corner.diag,3185,3186,0,0,1,1
31869,corner.diag,3186,3187,9.999999999990479,9.999999999990479,-1,-1
31879,corner.diag,3187,3188,0,0,1,1
31889,corner.diag,3188,3189,9.999999999990479,9.999999999990479,-1,-1
31899,corner.diag,3189,3190,0,0,1,1
31909,corner.diag,3190,3191,9.999999999990479,9.999999999990479,-1,-1
31919,corner.diag,3191,3192,0,0,1,1
31929,corner.diag,3192,3193,9.999999999990479,9.999999999990479,-1,-1
31939,corner.diag,3193,3194,0,0,1,1
31949,corner.diag,3194,3195,9.999999999990479,9.999999999990479,-1,-1
31959,corner.diag,3195,3196,0,0,1,1
31969,corner.diag,3196,3197,9.999999999990479,9.999999999990479,-1,-1
31979,corner.diag,3197,3198,0,0,1,1
31989,corner.diag,3198,3199,9.999999999990479,9.999999999990479,-1,-1
31999,corner.diag,3199,3200,0,0,1,1
32009,corner.diag,3200,3201,9.999999999990479,9.999999999990479,-1,-1
32019,corner.diag,3201,3202,0,0,1,1
32029,corner.diag,3202,3203,9.999999999990479,9.999999999990479,-1,-1
32039,corner.diag,3203,3204,0,0,1,1
32049,corner.diag,3204,3205,9.999999999990479,9.999999999990479,-1,-1
32059,corner.diag,3205,3206,0,0,1,1
32069,corner.diag,3206,3207,9.999999999990479,9.999999999990479,-1,-1
32079,corner.diag,3207,3208,0,0,1,1
32089,corner.diag,3208,3209,9.999999999990479,9.999999999990479,-1,-1
32099,corner.diag,3209,3210,0,0,1,1
32109,corner.diag,3210,3211,9.999999999990479,9.999999999990479,-1,-1
32119,corner.diag,3211,3212,0,0,1,1
32129,corner.diag,3212,3213,9.999999999990479,9.999999999990479,-1,-1
32139,corner.diag,3213,3214,0,0,1,1
32149,corner.diag,3214,3215,9.999999999990479,9.999999999990479,-1,-1
32159,corner.diag,3215,3216,0,0,1,1
32169,corner.diag,3216,3217,9.999999999990479,9.999999999990479,-1,-1
32179,corner.diag,3217,3218,0,0,1,1
32189,corner.diag,3218,3219,9.999999999990479,9.999999999990479,-1,-1
32199,corner.diag,3219,3220,0,0,1,1
32209,corner.diag,3220,3221,9.999999999990479,9.999999999990479,-1,-1
32219,corner.diag,3221,3222,0,0,1,1
32229,corner.diag,3222,3223,9.999999999990479,9.999999999990479,-1,-1
32239,corner.diag,3223,3224,0,0,1,1
32249,corner.diag,3224,3225,9.999999999990479,9.999999999990479,-1,-1
32259,corner.diag,3225,3226,0,0,1,1
32269,corner.diag,3226,3227,9.999999999990479,9.999999999990479,-1,-1
32279,corner.diag,3227,3228,0,0,1,1
32289,corner.diag,3228,3229,9.999999999990479,9.999999999990479,-1,-1
32299,corner.diag,3229,3230,0,0,1,1
32309,corner.diag,3230,3231,9.999999999990479,9.999999999990479,-1,-1
32319,corner.diag,3231,3232,0,0,1,1
32329,corner.diag,3232,3233,9.999999999990479,9.999999999990479,-1,-1
32339,corner.diag,3233,3234,0,0,1,1
32349,corner.diag,3234,3235,9.999999999990479,9.999999999990479,-1,-1
32359,corner.diag,3235,3236,0,0,1,1
32369,corner.diag,3236,3237,9.999999999990479,9.999999999990479,-1,-1
32379,corner.diag,3237,3238,0,0,1,1
32389,corner.diag,3238,3239,9.999999999990479,9.999999999990479,-1,-1
32399,corner.diag,3239,3240,0,0,1,1
32409,corner.diag,3240,3241,9.999999999990479,9.999999999990479,-1,-1
32419,corner.diag,3241,3242,0,0,1,1
32429,corner.diag,3242,3243,9.999999999990479,9.999999999990479,-1,-1
32439,corner.diag,3243,3244,0,0,1,1
32449,corner.diag,3244,3245,9.999999999990479,9.999999999990479,-1,-1
32459,corner.diag,3245,3246,0,0,1,1
32469,corner.diag,3246,3247,9.999999999990479,9.999999999990479,-1,-1
32479,corner.diag,3247,3248,0,0,1,1
32489,corner.diag,3248,3249,9.999999999990479,9.999999999990479,-1,-1
32499,corner.diag,3249,3250,0,0,1,1
32509,corner.diag,3250,3251,9.999999999990479,9.999999999990479,-1,-1
32519,corner.diag,3251,3252,0,0,1,1
32529,corner.diag,3252,3253,9.999999999990479,9.999999999990479,-1,-1
32539,corner.diag,3253,3254,0,0,1,1
32549,corner.diag,3254,3255,9.999999999990479,9.999999999990479,-1,-1
32559,corner.diag,3255,3256,0,0,1,1
32569,corner.diag,3256,3257,9.999999999990479,9.999999999990479,-1,-1
32579,corner.diag,3257,3258,0,0,1,1
32589,corner.diag,3258,3259,9.999999999990479,9.999999999990479,-1,-1
32599,corner.diag,3259,3260,0,0,1,1
32609,corner.diag,3260,3261,9.999999999990479,9.999999999990479,-1,-1
32619,corner.diag,3261,3262,0,0,1,1
32629,corner.diag,3262,3263,9.999999999990479,9.999999999990479,-1,-1
32639,corner.diag,3263,3264,0,0,1,1
32649,corner.diag,3264,3265,9.999999999990479,9.999999999990479,-1,-1
32659,corner.diag,3265,3266,0,0,1,1
32669,corner.diag,3266,3267,9.999999999990479,9.999999999990479,-1,-1
32679,corner.diag,3267,3268,0,0,1,1
32689,corner.diag,3268,3269,9.999999999990479,9.999999999990479,-1,-1
32699,corner.diag,3269,3270,0,0,1,1
32709,corner.diag,3270,3271,9.999999999990479,9.999999999990479,-1,-1
32719,corner.diag,3271,3272,0,0,1,1
32729,corner.diag,3272,3273,9.999999999990479,9.999999999990479,-1,-1
32739,corner.diag,3273,3274,0,0,1,1
32749,corner.diag,3274,3275,9.999999999990479,9.999999999990479,-1,-1
32759,corner.diag,3275,3276,0,0,1,1
32769,corner.diag,3276,3277,9.999999999990479,9.999999999990479,-1,-1
32779,corner.diag,3277,3278,0,0,1,1
32789,corner.diag,3278,3279,9.999999999990479,9.999999999990479,-1,-1
32799,corner.diag,3279,3280,0,0,1,1
32809,corner.diag,3280,3281,9.999999999990479,9.999999999990479,-1,-1
32819,corner.diag,3281,3282,0,0,1,1
32829,corner.diag,3282,3283,9.999999999990479,9.999999999990479,-1,-1
32839,corner.diag,3283,3284,0,0,1,1
32849,corner.diag,3284,3285,9.999999999990479,9.999999999990479,-1,-1
32859,corner.diag,3285,3286,0,0,1,1
32869,corner.diag,3286,3287,9.999999999990479,9.999999999990479,-1,-1
32879,corner.diag,3287,3288,0,0,1,1
32889,corner.diag,3288,3289,9.999999999990479,9.999999999990479,-1,-1
32899,corner.diag,3289,3290,0,0,1,1
32909,corner.diag,3290,3291,9.999999999990479,9.999999999990479,-1,-1
32919,corner.diag,3291,3292,0,0,1,1
32929,corner.diag,3292,3293,9.999999999990479,9.999999999990479,-1,-1
32939,corner.diag,3293,3294,0,0,1,1
32949,corner.diag,3294,3295,9.999999999990479,9.999999999990479,-1,-1
32959,corner.diag,3295,3296,0,0,1,1
32969,corner.diag,3296,3297,9.999999999990479,9.999999999990479,-1,-1
32979,corner.diag,3297,3298,0,0,1,1
32989,corner.diag,3298,3299,9.999999999990479,9.999999999990479,-1,-1
32999,corner.diag,3299,3300,0,0,1,1
33009,corner.diag,3300,3301,9.999999999990479,9.999999999990479,-1,-1
33019,corner.diag,3301,3302,0,0,1,1
33029,corner.diag,3302,3303,9.999999999990479,9.999999999990479,-1,-1
33039,corner.diag,3303,3304,0,0,1,1
33049,corner.diag,3304,3305,9.999999999990479,9.999999999990479,-1,-1
33059,corner.diag,3305,3306,0,0,1,1
33069,corner.diag,3306,3307,9.999999999990479,9.999999999990479,-1,-1
33079,corner.diag,3307,3308,0,0,1,1
33089,corner.diag,3308,3309,9.999999999990479,9.999999999990479,-1,-1
33099,corner.diag,3309,3310,0,0,1,1
33109,corner.diag,3310,3311,9.999999999990479,9.999999999990479,-1,-1
33119,corner.diag,3311,3312,0,0,1,1
33129,corner.diag,3312,3313,9.999999999990479,9.999999999990479,-1,-1
33139,corner.diag,3313,3314,0,0,1,1
33149,corner.diag,3314,3315,9.999999999990479,9.999999999990479,-1,-1
33159,corner.diag,3315,3316,0,0,1,1
33169,corner.diag,3316,3317,9.999999999990479,9.999999999990479,-1,-1
33179,corner.diag,3317,3318,0,0,1,1
33189,corner.diag,3318,3319,9.999999999990479,9.999999999990479,-1,-1
33199,corner.diag,3319,3320,0,0,1,1
33209,corner.diag,3320,3321,9.999999999990479,9.999999999990479,-1,-1
33219,corner.diag,3321,3322,0,0,1,1
33229,corner.diag,3322,3323,9.999999999990479,9.999999999990479,-1,-1
33239,corner.diag,3323,3324,0,0,1,1
33249,corner.diag,3324,3325,9.999999999990479,9.999999999990479,-1,-1
33259,corner.diag,3325,3326,0,0,1,1
33269,corner.diag,3326,3327,9.999999999990479,9.999999999990479,-1,-1
33279,corner.diag,3327,3328,0,0,1,1
33289,corner.diag,3328,3329,9.999999999990479,9.999999999990479,-1,-1
33299,corner.diag,3329,3330,0,0,1,1
33309,corner.diag,3330,3331,9.999999999990479,9.999999999990479,-1,-1
33319,corner.diag,3331,3332,0,0,1,1
33329,corner.diag,3332,3333,9.999999999990479,9.999999999990479,-1,-1
33339,corner.diag,3333,3334,0,0,1,1
33349,corner.diag,3334,3335,9.999999999990479,9.999999999990479,-1,-1
33359,corner.diag,3335,3336,0,0,1,1
33369,corner.diag,3336,3337,9.999999999990479,9.999999999990479,-1,-1
33379,corner.diag,3337,3338,0,0,1,1
33389,corner.diag,3338,3339,9.999999999990479,9.999999999990479,-1,-1
33399,corner.diag,3339,3340,0,0,1,1
33409,corner.diag,3340,3341,9.999999999990479,9.999999999990479,-1,-1
33419,corner.diag,3341,3342,0,0,1,1
33429,corner.diag,3342,3343,9.999999999990479,9.999999999990479,-1,-1
33439,corner.diag,3343,3344,0,0,1,1
33449,corner.diag,3344,3345,9.999999999990479,9.999999999990479,-1,-1
33459,corner.diag,3345,3346,0,0,1,1
33469,corner.diag,3346,3347,9.999999999990479,9.999999999990479,-1,-1
33479,corner.diag,3347,3348,0,0,1,1
33489,corner.diag,3348,3349,9.999999999990479,9.999999999990479,-1,-1
33499,corner.diag,3349,3350,0,0,1,1
33509,corner.diag,3350,3351,9.999999999990479,9.999999999990479,-1,-1
33519,corner.diag,3351,3352,0,0,1,1
33529,corner.diag,3352,3353,9.999999999990479,9.999999999990479,-1,-1
33539,corner.diag,3353,3354,0,0,1,1
33549,corner.diag,3354,3355,9.999999999990479,9.999999999990479,-1,-1
33559,corner.diag,3355,3356,0,0,1,1
33569,corner.diag,3356,3357,9.999999999990479,9.999999999990479,-1,-1
33579,corner.diag,3357,3358,0,0,1,1
33589,corner.diag,3358,3359,9.999999999990479,9.999999999990479,-1,-1
33599,corner.diag,3359,3360,0,0,1,1
33609,corner.diag,3360,3361,9.999999999990479,9.999999999990479,-1,-1
33619,corner.diag,3361,3362,0,0,1,1
33629,corner.diag,3362,3363,9.999999999990479,9.999999999990479,-1,-1
33639,corner.diag,3363,3364,0,0,1,1
33649,corner.diag,3364,3365,9.999999999990479,9.999999999990479,-1,-1
33659,corner.diag,3365,3366,0,0,1,1
33669,corner.diag,3366,3367,9.999999999990479,9.999999999990479,-1,-1
33679,corner.diag,3367,3368,0,0,1,1
33689,corner.diag,3368,3369,9.999999999990479,9.999999999990479,-1,-1
33699,corner.diag,3369,3370,0,0,1,1
33709,corner.diag,3370,3371,9.999999999990479,9.999999999990479,-1,-1
33719,corner.diag,3371,3372,0,0,1,1
33729,corner.diag,3372,3373,9.999999999990479,9.999999999990479,-1,-1
33739,corner.diag,3373,3374,0,0,1,1
33749,corner.diag,3374,3375,9.999999999990479,9.999999999990479,-1,-1
33759,corner.diag,3375,3376,0,0,1,1
33769,corner.diag,3376,3377,9.999999999990479,9.999999999990479,-1,-1
33779,corner.diag,3377,3378,0,0,1,1
33789,corner.diag,3378,3379,9.999999999990479,9.999999999990479,-1,-1
33799,corner.diag,3379,3380,0,0,1,1
33809,corner.diag,3380,3381,9.999999999990479,9.999999999990479,-1,-1
33819,corner.diag,3381,3382,0,0,1,1
33829,corner.diag,3382,3383,9.999999999990479,9.999999999990479,-1,-1
33839,corner.diag,3383,3384,0,0,1,1
33849,corner.diag,3384,3385,9.999999999990479,9.999999999990479,-1,-1
33859,corner.diag,3385,3386,0,0,1,1
33869,corner.diag,3386,3387,9.999999999990479,9.999999999990479,-1,-1
33879,corner.diag,3387,3388,0,0,1,1
33889,corner.diag,3388,3389,9.999999999990479,9.999999999990479,-1,-1
33899,corner.diag,3389,3390,0,0,1,1
33909,corner.diag,3390,3391,9.999999999990479,9.999999999990479,-1,-1
33919,corner.diag,3391,3392,0,0,1,1
33929,corner.diag,3392,3393,9.999999999990479,9.999999999990479,-1,-1
33939,corner.diag,3393,3394,0,0,1,1
33949,corner.diag,3394,3395,9.999999999990479,9.999999999990479,-1,-1
33959,corner.diag,3395,3396,0,0,1,1
33969,corner.diag,3396,3397,9.999999999990479,9.999999999990479,-1,-1
33979,corner.diag,3397,3398,0,0,1,1
33989,corner.diag,3398,3399,9.999999999990479,9.999999999990479,-1,-1
33999,corner.diag,3399,3400,0,0,1,1
34009,corner.diag,3400,3401,9.999999999990479,9.999999999990479,-1,-1
34019,corner.diag,3401,3402,0,0,1,1
34029,corner.diag,3402,3403,9.999999999990479,9.999999999990479,-1,-1
34039,corner.diag,3403,3404,0,0,1,1
34049,corner.diag,3404,3405,9.999999999990479,9.999999999990479,-1,-1
34059,corner.diag,3405,3406,0,0,1,1
34069,corner.diag,3406,3407,9.999999999990479,9.999999999990479,-1,-1
34079,corner.diag,3407,3408,0,0,1,1
34089,corner.diag,3408,3409,9.999999999990479,9.999999999990479,-1,-1
34099,corner.diag,3409,3410,0,0,1,1
34109,corner.diag,3410,3411,9.999999999990479,9.999999999990479,-1,-1
34119,corner.diag,3411,3412,0,0,1,1
34129,corner.diag,3412,3413,9.999999999990479,9.999999999990479,-1,-1
34139,corner.diag,3413,3414,0,0,1,1
34149,corner.diag,3414,3415,9.999999999990479,9.999999999990479,-1,-1
34159,corner.diag,3415,3416,0,0,1,1
34169,corner.diag,3416,3417,9.999999999990479,9.999999999990479,-1,-1
34179,corner.diag,3417,3418,0,0,1,1
34189,corner.diag,3418,3419,9.999999999990479,9.999999999990479,-1,-1
34199,corner.diag,3419,3420,0,0,1,1
34209,corner.diag,3420,3421,9.999999999990479,9.999999999990479,-1,-1
34219,corner.diag,3421,3422,0,0,1,1
34229,corner.diag,3422,3423,9.999999999990479,9.999999999990479,-1,-1
34239,corner.diag,3423,3424,0,0,1,1
34249,corner.diag,3424,3425,9.999999999990479,9.999999999990479,-1,-1
34259,corner.diag,3425,3426,0,0,1,1
34269,corner.diag,3426,3427,9.999999999990479,9.999999999990479,-1,-1
34279,corner.diag,3427,3428,0,0,1,1
34289,corner.diag,3428,3429,9.999999999990479,9.999999999990479,-1,-1
34299,corner.diag,3429,3430,0,0,1,1
34309,corner.diag,3430,3431,9.999999999990479,9.999999999990479,-1,-1
34319,corner.diag,3431,3432,0,0,1,1
34329,corner.diag,3432,3433,9.999999999990479,9.999999999990479,-1,-1
34339,corner.diag,3433,3434,0,0,1,1
34349,corner.diag,3434,3435,9.999999999990479,9.999999999990479,-1,-1
34359,corner.diag,3435,3436,0,0,1,1
34369,corner.diag,3436,3437,9.999999999990479,9.999999999990479,-1,-1
34379,corner.diag,3437,3438,0,0,1,1
34389,corner.diag,3438,3439,9.999999999990479,9.999999999990479,-1,-1
34399,corner.diag,3439,3440,0,0,1,1
34409,corner.diag,3440,3441,9.999999999990479,9.999999999990479,-1,-1
34419,corner.diag,3441,3442,0,0,1,1
34429,corner.diag,3442,3443,9.999999999990479,9.999999999990479,-1,-1
34439,corner.diag,3443,3444,0,0,1,1
34449,corner.diag,3444,3445,9.999999999990479,9.999999999990479,-1,-1
34459,corner.diag,3445,3446,0,0,1,1
34469,corner.diag,3446,3447,9.999999999990479,9.999999999990479,-1,-1
34479,corner.diag,3447,3448,0,0,1,1
34489,corner.diag,3448,3449,9.999999999990479,9.999999999990479,-1,-1
34499,corner.diag,3449,3450,0,0,1,1
34509,corner.diag,3450,3451,9.999999999990479,9.999999999990479,-1,-1
34519,corner.diag,3451,3452,0,0,1,1
34529,corner.diag,3452,3453,9.999999999990479,9.999999999990479,-1,-1
34539,corner.diag,3453,3454,0,0,1,1
34549,corner.diag,3454,3455,9.999999999990479,9.999999999990479,-1,-1
34559,corner.diag,3455,3456,0,0,1,1
34569,corner.diag,3456,3457,9.999999999990479,9.999999999990479,-1,-1
34579,corner.diag,3457,3458,0,0,1,1
34589,corner.diag,3458,3459,9.999999999990479,9.999999999990479,-1,-1
34599,corner.diag,3459,3460,0,0,1,1
34609,corner.diag,3460,3461,9.999999999990479,9.999999999990479,-1,-1
34619,corner.diag,3461,3462,0,0,1,1
34629,corner.diag,3462,3463,9.999999999990479,9.999999999990479,-1,-1
34639,corner.diag,3463,3464,0,0,1,1
34649,corner.diag,3464,3465,9.999999999990479,9.999999999990479,-1,-1
34659,corner.diag,3465,3466,0,0,1,1
34669,corner.diag,3466,3467,9.999999999990479,9.999999999990479,-1,-1
34679,corner.diag,3467,3468,0,0,1,1
34689,corner.diag,3468,3469,9.999999999990479,9.999999999990479,-1,-1
34699,corner.diag,3469,3470,0,0,1,1
34709,corner.diag,3470,3471,9.999999999990479,9.999999999990479,-1,-1
34719,corner.diag,3471,3472,0,0,1,1
34729,corner.diag,3472,3473,9.999999999990479,9.999999999990479,-1,-1
34739,corner.diag,3473,3474,0,0,1,1
34749,corner.diag,3474,3475,9.999999999990479,9.999999999990479,-1,-1
34759,corner.diag,3475,3476,0,0,1,1
34769,corner.diag,3476,3477,9.999999999990479,9.999999999990479,-1,-1
34779,corner.diag,3477,3478,0,0,1,1
34789,corner.diag,3478,3479,9.999999999990479,9.999999999990479,-1,-1
34799,corner.diag,3479,3480,0,0,1,1
34809,corner.diag,3480,3481,9.999999999990479,9.999999999990479,-1,-1
34819,corner.diag,3481,3482,0,0,1,1
34829,corner.diag,3482,3483,9.999999999990479,9.999999999990479,-1,-1
34839,corner.diag,3483,3484,0,0,1,1
34849,corner.diag,3484,3485,9.999999999990479,9.999999999990479,-1,-1
34859,corner.diag,3485,3486,0,0,1,1
34869,corner.diag,3486,3487,9.999999999990479,9.999999999990479,-1,-1
34879,corner.diag,3487,3488,0,0,1,1
34889,corner.diag,3488,3489,9.999999999990479,9.999999999990479,-1,-1
34899,corner.diag,3489,3490,0,0,1,1
34909,corner.diag,3490,3491,9.999999999990479,9.999999999990479,-1,-1
34919,corner.diag,3491,3492,0,0,1,1
34929,corner.diag,3492,3493,9.999999999990479,9.999999999990479,-1,-1
34939,corner.diag,3493,3494,0,0,1,1
34949,corner.diag,3494,3495,9.999999999990479,9.999999999990479,-1,-1
34959,corner.diag,3495,3496,0,0,1,1
34969,corner.diag,3496,3497,9.999999999990479,9.999999999990479,-1,-1
34979,corner.diag,3497,3498,0,0,1,1
34989,corner.diag,3498,3499,9.999999999990479,9.999999999990479,-1,-1
34999,corner.diag,3499,3500,0,0,1,1
35009,corner.diag,3500,3501,9.999999999990479,9.999999999990479,-1,-1
35019,corner.diag,3501,3502,0,0,1,1
35029,corner.diag,3502,3503,9.999999999990479,9.999999999990479,-1,-1
35039,corner.diag,3503,3504,0,0,1,1
35049,corner.diag,3504,3505,9.999999999990479,9.999999999990479,-1,-1
35059,corner.diag,3505,3506,0,0,1,1
35069,corner.diag,3506,3507,9.999999999990479,9.999999999990479,-1,-1
35079,corner.diag,3507,3508,0,0,1,1
35089,corner.diag,3508,3509,9.999999999990479,9.999999999990479,-1,-1
35099,corner.diag,3509,3510,0,0,1,1
35109,corner.diag,3510,3511,9.999999999990479,9.999999999990479,-1,-1
35119,corner.diag,3511,3512,0,0,1,1
35129,corner.diag,3512,3513,9.999999999990479,9.999999999990479,-1,-1
35139,corner.diag,3513,3514,0,0,1,1
35149,corner.diag,3514,3515,9.999999999990479,9.999999999990479,-1,-1
35159,corner.diag,3515,3516,0,0,1,1
35169,corner.diag,3516,3517,9.999999999990479,9.999999999990479,-1,-1
35179,corner.diag,3517,3518,0,0,1,1
35189,corner.diag,3518,3519,9.999999999990479,9.999999999990479,-1,-1
35199,corner.diag,3519,3520,0,0,1,1
35209,corner.diag,3520,3521,9.999999999990479,9.999999999990479,-1,-1
35219,corner.diag,3521,3522,0,0,1,1
35229,corner.diag,3522,3523,9.999999999990479,9.999999999990479,-1,-1
35239,corner.diag,3523,3524,0,0,1,1
35249,corner.diag,3524,3525,9.999999999990479,9.999999999990479,-1,-1
35259,corner.diag,3525,3526,0,0,1,1
35269,corner.diag,3526,3527,9.999999999990479,9.999999999990479,-1,-1
35279,corner.diag,3527,3528,0,0,1,1
35289,corner.diag,3528,3529,9.999999999990479,9.999999999990479,-1,-1
35299,corner.diag,3529,3530,0,0,1,1
35309,corner.diag,3530,3531,9.999999999990479,9.999999999990479,-1,-1
35319,corner.diag,3531,3532,0,0,1,1
35329,corner.diag,3532,3533,9.999999999990479,9.999999999990479,-1,-1
35339,corner.diag,3533,3534,0,0,1,1
35349,corner.diag,3534,3535,9.999999999990479,9.999999999990479,-1,-1
35359,corner.diag,3535,3536,0,0,1,1
35369,corner.diag,3536,3537,9.999999999990479,9.999999999990479,-1,-1
35379,corner.diag,3537,3538,0,0,1,1
35389,corner.diag,3538,3539,9.999999999990479,9.999999999990479,-1,-1
35399,corner.diag,3539,3540,0,0,1,1
35409,corner.diag,3540,3541,9.999999999990479,9.999999999990479,-1,-1
35419,corner.diag,3541,3542,0,0,1,1
35429,corner.diag,3542,3543,9.999999999990479,9.999999999990479,-1,-1
35439,corner.diag,3543,3544,0,0,1,1
35449,corner.diag,3544,3545,9.999999999990479,9.999999999990479,-1,-1
35459,corner.diag,3545,3546,0,0,1,1
35469,corner.diag,3546,3547,9.999999999990479,9.999999999990479,-1,-1
35479,corner.diag,3547,3548,0,0,1,1
35489,corner.diag,3548,3549,9.999999999990479,9.999999999990479,-1,-1
35499,corner.diag,3549,3550,0,0,1,1
35509,corner.diag,3550,3551,9.999999999990479,9.999999999990479,-1,-1
35519,corner.diag,3551,3552,0,0,1,1
35529,corner.diag,3552,3553,9.999999999990479,9.999999999990479,-1,-1
35539,corner.diag,3553,3554,0,0,1,1
35549,corner.diag,3554,3555,9.999999999990479,9.999999999990479,-1,-1
35559,corner.diag,3555,3556,0,0,1,1
35569,corner.diag,3556,3557,9.999999999990479,9.999999999990479,-1,-1
35579,corner.diag,3557,3558,0,0,1,1
35589,corner.diag,3558,3559,9.999999999990479,9.999999999990479,-1,-1
35599,corner.diag,3559,3560,0,0,1,1
35609,corner.diag,3560,3561,9.999999999990479,9.999999999990479,-1,-1
35619,corner.diag,3561,3562,0,0,1,1
35629,corner.diag,3562,3563,9.999999999990479,9.999999999990479,-1,-1
35639,corner.diag,3563,3564,0,0,1,1
35649,corner.diag,3564,3565,9.999999999990479,9.999999999990479,-1,-1
35659,corner.diag,3565,3566,0,0,1,1
35669,corner.diag,3566,3567,9.999999999990479,9.999999999990479,-1,-1
35679,corner.diag,3567,3568,0,0,1,1
35689,corner.diag,3568,3569,9.999999999990479,9.999999999990479,-1,-1
35699,corner.diag,3569,3570,0,0,1,1
35709,corner.diag,3570,3571,9.999999999990479,9.999999999990479,-1,-1
35719,corner.diag,3571,3572,0,0,1,1
35729,corner.diag,3572,3573,9.999999999990479,9.999999999990479,-1,-1
35739,corner.diag,3573,3574,0,0,1,1
35749,corner.diag,3574,3575,9.999999999990479,9.999999999990479,-1,-1
35759,corner.diag,3575,3576,0,0,1,1
35769,corner.diag,3576,3577,9.999999999990479,9.999999999990479,-1,-1
35779,corner.diag,3577,3578,0,0,1,1
35789,corner.diag,3578,3579,9.999999999990479,9.999999999990479,-1,-1
35799,corner.diag,3579,3580,0,0,1,1
35809,corner.diag,3580,3581,9.999999999990479,9.999999999990479,-1,-1
35819,corner.diag,3581,3582,0,0,1,1
35829,corner.diag,3582,3583,9.999999999990479,9.999999999990479,-1,-1
35839,corner.diag,3583,3584,0,0,1,1
35849,corner.diag,3584,3585,9.999999999990479,9.999999999990479,-1,-1
35859,corner.diag,3585,3586,0,0,1,1
35869,corner.diag,3586,3587,9.999999999990479,9.999999999990479,-1,-1
35879,corner.diag,3587,3588,0,0,1,1
35889,corner.diag,3588,3589,9.999999999990479,9.999999999990479,-1,-1
35899,corner.diag,3589,3590,0,0,1,1
35909,corner.diag,3590,3591,9.999999999990479,9.999999999990479,-1,-1
35919,corner.diag,3591,3592,0,0,1,1
35929,corner.diag,3592,3593,9.999999999990479,9.999999999990479,-1,-1
35939,corner.diag,3593,3594,0,0,1,1
35949,corner.diag,3594,3595,9.999999999990479,9.999999999990479,-1,-1
35959,corner.diag,3595,3596,0,0,1,1
35969,corner.diag,3596,3597,9.999999999990479,9.999999999990479,-1,-1
35979,corner.diag,3597,3598,0,0,1,1
35989,corner.diag,3598,3599,9.999999999990479,9.999999999990479,-1,-1
35999,corner.diag,3599,3600,0,0,1,1
36009,corner.diag,3600,3601,9.999999999990479,9.999999999990479,-1,-1
36019,corner.diag,3601,3602,0,0,1,1
36029,corner.diag,3602,3603,9.999999999990479,9.999999999990479,-1,-1
36039,corner.diag,3603,3604,0,0,1,1
36049,corner.diag,3604,3605,9.999999999990479,9.999999999990479,-1,-1
36059,corner.diag,3605,3606,0,0,1,1
36069,corner.diag,3606,3607,9.999999999990479,9.999999999990479,-1,-1
36079,corner.diag,3607,3608,0,0,1,1
36089,corner.diag,3608,3609,9.999999999990479,9.999999999990479,-1,-1
36099,corner.diag,3609,3610,0,0,1,1
36109,corner.diag,3610,3611,9.999999999990479,9.999999999990479,-1,-1
36119,corner.diag,3611,3612,0,0,1,1
36129,corner.diag,3612,3613,9.999999999990479,9.999999999990479,-1,-1
36139,corner.diag,3613,3614,0,0,1,1
36149,corner.diag,3614,3615,9.999999999990479,9.999999999990479,-1,-1
36159,corner.diag,3615,3616,0,0,1,1
36169,corner.diag,3616,3617,9.999999999990479,9.999999999990479,-1,-1
36179,corner.diag,3617,3618,0,0,1,1
36189,corner.diag,3618,3619,9.999999999990479,9.999999999990479,-1,-1
36199,corner.diag,3619,3620,0,0,1,1
36209,corner.diag,3620,3621,9.999999999990479,9.999999999990479,-1,-1
36219,corner.diag,3621,3622,0,0,1,1
36229,corner.diag,3622,3623,9.999999999990479,9.999999999990479,-1,-1
36239,corner.diag,3623,3624,0,0,1,1
36249,corner.diag,3624,3625,9.999999999990479,9.999999999990479,-1,-1
36259,corner.diag,3625,3626,0,0,1,1
36269,corner.diag,3626,3627,9.999999999990479,9.999999999990479,-1,-1
36279,corner.diag,3627,3628,0,0,1,1
36289,corner.diag,3628,3629,9.999999999990479,9.999999999990479,-1,-1
36299,corner.diag,3629,3630,0,0,1,1
36309,corner.diag,3630,3631,9.999999999990479,9.999999999990479,-1,-1
36319,corner.diag,3631,3632,0,0,1,1
36329,corner.diag,3632,3633,9.999999999990479,9.999999999990479,-1,-1
36339,corner.diag,3633,3634,0,0,1,1
36349,corner.diag,3634,3635,9.999999999990479,9.999999999990479,-1,-1
36359,corner.diag,3635,3636,0,0,1,1
36369,corner.diag,3636,3637,9.999999999990479,9.999999999990479,-1,-1
36379,corner.diag,3637,3638,0,0,1,1
36389,corner.diag,3638,3639,9.999999999990479,9.999999999990479,-1,-1
36399,corner.diag,3639,3640,0,0,1,1
36409,corner.diag,3640,3641,9.999999999990479,9.999999999990479,-1,-1
36419,corner.diag,3641,3642,0,0,1,1
36429,corner.diag,3642,3643,9.999999999990479,9.999999999990479,-1,-1
36439,corner.diag,3643,3644,0,0,1,1
36449,corner.diag,3644,3645,9.999999999990479,9.999999999990479,-1,-1
36459,corner.diag,3645,3646,0,0,1,1
36469,corner.diag,3646,3647,9.999999999990479,9.999999999990479,-1,-1
36479,corner.diag,3647,3648,0,0,1,1
36489,corner.diag,3648,3649,9.999999999990479,9.999999999990479,-1,-1
36499,corner.diag,3649,3650,0,0,1,1
36509,corner.diag,3650,3651,9.999999999990479,9.999999999990479,-1,-1
36519,corner.diag,3651,3652,0,0,1,1
36529,corner.diag,3652,3653,9.999999999990479,9.999999999990479,-1,-1
36539,corner.diag,3653,3654,0,0,1,1
36549,corner.diag,3654,3655,9.999999999990479,9.999999999990479,-1,-1
36559,corner.diag,3655,3656,0,0,1,1
36569,corner.diag,3656,3657,9.999999999990479,9.999999999990479,-1,-1
36579,corner.diag,3657,3658,0,0,1,1
36589,corner.diag,3658,3659,9.999999999990479,9.999999999990479,-1,-1
36599,corner.diag,3659,3660,0,0,1,1
36609,corner.diag,3660,3661,9.999999999990479,9.999999999990479,-1,-1
36619,corner.diag,3661,3662,0,0,1,1
36629,corner.diag,3662,3663,9.999999999990479,9.999999999990479,-1,-1
36639,corner.diag,3663,3664,0,0,1,1
36649,corner.diag,3664,3665,9.999999999990479,9.999999999990479,-1,-1
36659,corner.diag,3665,3666,0,0,1,1
36669,corner.diag,3666,3667,9.999999999990479,9.999999999990479,-1,-1
36679,corner.diag,3667,3668,0,0,1,1
36689,corner.diag,3668,3669,9.999999999990479,9.999999999990479,-1,-1
36699,corner.diag,3669,3670,0,0,1,1
36709,corner.diag,3670,3671,9.999999999990479,9.999999999990479,-1,-1
36719,corner.diag,3671,3672,0,0,1,1
36729,corner.diag,3672,3673,9.999999999990479,9.999999999990479,-1,-1
36739,corner.diag,3673,3674,0,0,1,1
36749,corner.diag,3674,3675,9.999999999990479,9.999999999990479,-1,-1
36759,corner.diag,3675,3676,0,0,1,1
36769,corner.diag,3676,3677,9.999999999990479,9.999999999990479,-1,-1
36779,corner.diag,3677,3678,0,0,1,1
36789,corner.diag,3678,3679,9.999999999990479,9.999999999990479,-1,-1
36799,corner.diag,3679,3680,0,0,1,1
36809,corner.diag,3680,3681,9.999999999990479,9.999999999990479,-1,-1
36819,corner.diag,3681,3682,0,0,1,1
36829,corner.diag,3682,3683,9.999999999990479,9.999999999990479,-1,-1
36839,corner.diag,3683,3684,0,0,1,1
36849,corner.diag,3684,3685,9.999999999990479,9.999999999990479,-1,-1
36859,corner.diag,3685,3686,0,0,1,1
36869,corner.diag,3686,3687,9.999999999990479,9.999999999990479,-1,-1
36879,corner.diag,3687,3688,0,0,1,1
36889,corner.diag,3688,3689,9.999999999990479,9.999999999990479,-1,-1
36899,corner.diag,3689,3690,0,0,1,1
36909,corner.diag,3690,3691,9.999999999990479,9.999999999990479,-1,-1
36919,corner.diag,3691,3692,0,0,1,1
36929,corner.diag,3692,3693,9.999999999990479,9.999999999990479,-1,-1
36939,corner.diag,3693,3694,0,0,1,1
36949,corner.diag,3694,3695,9.999999999990479,9.999999999990479,-1,-1
36959,corner.diag,3695,3696,0,0,1,1
36969,corner.diag,3696,3697,9.999999999990479,9.999999999990479,-1,-1
36979,corner.diag,3697,3698,0,0,1,1
36989,corner.diag,3698,3699,9.999999999990479,9.999999999990479,-1,-1
36999,corner.diag,3699,3700,0,0,1,1
37009,corner.diag,3700,3701,9.999999999990479,9.999999999990479,-1,-1
37019,corner.diag,3701,3702,0,0,1,1
37029,corner.diag,3702,3703,9.999999999990479,9.999999999990479,-1,-1
37039,corner.diag,3703,3704,0,0,1,1
37049,corner.diag,3704,3705,9.999999999990479,9.999999999990479,-1,-1
37059,corner.diag,3705,3706,0,0,1,1
37069,corner.diag,3706,3707,9.999999999990479,9.999999999990479,-1,-1
37079,corner.diag,3707,3708,0,0,1,1
37089,corner.diag,3708,3709,9.999999999990479,9.999999999990479,-1,-1
37099,corner.diag,3709,3710,0,0,1,1
37109,corner.diag,3710,3711,9.999999999990479,9.999999999990479,-1,-1
37119,corner.diag,3711,3712,0,0,1,1
37129,corner.diag,3712,3713,9.999999999990479,9.999999999990479,-1,-1
37139,corner.diag,3713,3714,0,0,1,1
37149,corner.diag,3714,3715,9.999999999990479,9.999999999990479,-1,-1
37159,corner.diag,3715,3716,0,0,1,1
37169,corner.diag,3716,3717,9.999999999990479,9.999999999990479,-1,-1
37179,corner.diag,3717,3718,0,0,1,1
37189,corner.diag,3718,3719,9.999999999990479,9.999999999990479,-1,-1
37199,corner.diag,3719,3720,0,0,1,1
37209,corner.diag,3720,3721,9.999999999990479,9.999999999990479,-1,-1
37219,corner.diag,3721,3722,0,0,1,1
37229,corner.diag,3722,3723,9.999999999990479,9.999999999990479,-1,-1
37239,corner.diag,3723,3724,0,0,1,1
37249,corner.diag,3724,3725,9.999999999990479,9.999999999990479,-1,-1
37259,corner.diag,3725,3726,0,0,1,1
37269,corner.diag,3726,3727,9.999999999990479,9.999999999990479,-1,-1
37279,corner.diag,3727,3728,0,0,1,1
37289,corner.diag,3728,3729,9.999999999990479,9.999999999990479,-1,-1
37299,corner.diag,3729,3730,0,0,1,1
37309,corner.diag,3730,3731,9.999999999990479,9.999999999990479,-1,-1
37319,corner.diag,3731,3732,0,0,1,1
37329,corner.diag,3732,3733,9.999999999990479,9.999999999990479,-1,-1
37339,corner.diag,3733,3734,0,0,1,1
37349,corner.diag,3734,3735,9.999999999990479,9.999999999990479,-1,-1
37359,corner.diag,3735,3736,0,0,1,1
37369,corner.diag,3736,3737,9.999999999990479,9.999999999990479,-1,-1
37379,corner.diag,3737,3738,0,0,1,1
37389,corner.diag,3738,3739,9.999999999990479,9.999999999990479,-1,-1
37399,corner.diag,3739,3740,0,0,1,1
37409,corner.diag,3740,3741,9.999999999990479,9.999999999990479,-1,-1
37419,corner.diag,3741,3742,0,0,1,1
37429,corner.diag,3742,3743,9.999999999990479,9.999999999990479,-1,-1
37439,corner.diag,3743,3744,0,0,1,1
37449,corner.diag,3744,3745,9.999999999990479,9.999999999990479,-1,-1
37459,corner.diag,3745,3746,0,0,1,1
37469,corner.diag,3746,3747,9.999999999990479,9.999999999990479,-1,-1
37479,corner.diag,3747,3748,0,0,1,1
37489,corner.diag,3748,3749,9.999999999990479,9.999999999990479,-1,-1
37499,corner.diag,3749,3750,0,0,1,1
37509,corner.diag,3750,3751,9.999999999990479,9.999999999990479,-1,-1
37519,corner.diag,3751,3752,0,0,1,1
37529,corner.diag,3752,3753,9.999999999990479,9.999999999990479,-1,-1
37539,corner.diag,3753,3754,0,0,1,1
37549,corner.diag,3754,3755,9.999999999990479,9.999999999990479,-1,-1
37559,corner.diag,3755,3756,0,0,1,1
37569,corner.diag,3756,3757,9.999999999990479,9.999999999990479,-1,-1
37579,corner.diag,3757,3758,0,0,1,1
37589,corner.diag,3758,3759,9.999999999990479,9.999999999990479,-1,-1
37599,corner.diag,3759,3760,0,0,1,1
37609,corner.diag,3760,3761,9.999999999990479,9.999999999990479,-1,-1
37619,corner.diag,3761,3762,0,0,1,1
37629,corner.diag,3762,3763,9.999999999990479,9.999999999990479,-1,-1
37639,corner.diag,3763,3764,0,0,1,1
37649,corner.diag,3764,3765,9.999999999990479,9.999999999990479,-1,-1
37659,corner.diag,3765,3766,0,0,1,1
37669,corner.diag,3766,3767,9.999999999990479,9.999999999990479,-1,-1
37679,corner.diag,3767,3768,0,0,1,1
37689,corner.diag,3768,3769,9.999999999990479,9.999999999990479,-1,-1
37699,corner.diag,3769,3770,0,0,1,1
37709,corner.diag,3770,3771,9.999999999990479,9.999999999990479,-1,-1
37719,corner.diag,3771,3772,0,0,1,1
37729,corner.diag,3772,3773,9.999999999990479,9.999999999990479,-1,-1
37739,corner.diag,3773,3774,0,0,1,1
37749,corner.diag,3774,3775,9.999999999990479,9.999999999990479,-1,-1
37759,corner.diag,3775,3776,0,0,1,1
37769,corner.diag,3776,3777,9.999999999990479,9.999999999990479,-1,-1
37779,corner.diag,3777,3778,0,0,1,1
37789,corner.diag,3778,3779,9.999999999990479,9.999999999990479,-1,-1
37799,corner.diag,3779,3780,0,0,1,1
37809,corner.diag,3780,3781,9.999999999990479,9.999999999990479,-1,-1
37819,corner.diag,3781,3782,0,0,1,1
37829,corner.diag,3782,3783,9.999999999990479,9.999999999990479,-1,-1
37839,corner.diag,3783,3784,0,0,1,1
37849,corner.diag,3784,3785,9.999999999990479,9.999999999990479,-1,-1
37859,corner.diag,3785,3786,0,0,1,1
37869,corner.diag,3786,3787,9.999999999990479,9.999999999990479,-1,-1
37879,corner.diag,3787,3788,0,0,1,1
37889,corner.diag,3788,3789,9.999999999990479,9.999999999990479,-1,-1
37899,corner.diag,3789,3790,0,0,1,1
37909,corner.diag,3790,3791,9.999999999990479,9.999999999990479,-1,-1
37919,corner.diag,3791,3792,0,0,1,1
37929,corner.diag,3792,3793,9.999999999990479,9.999999999990479,-1,-1
37939,corner.diag,3793,3794,0,0,1,1
37949,corner.diag,3794,3795,9.999999999990479,9.999999999990479,-1,-1
37959,corner.diag,3795,3796,0,0,1,1
37969,corner.diag,3796,3797,9.999999999990479,9.999999999990479,-1,-1
37979,corner.diag,3797,3798,0,0,1,1
37989,corner.diag,3798,3799,9.999999999990479,9.999999999990479,-1,-1
37999,corner.diag,3799,3800,0,0,1,1
38009,corner.diag,3800,3801,9.999999999990479,9.999999999990479,-1,-1
38019,corner.diag,3801,3802,0,0,1,1
38029,corner.diag,3802,3803,9.999999999990479,9.999999999990479,-1,-1
38039,corner.diag,3803,3804,0,0,1,1
38049,corner.diag,3804,3805,9.999999999990479,9.999999999990479,-1,-1
38059,corner.diag,3805,3806,0,0,1,1
38069,corner.diag,3806,3807,9.999999999990479,9.999999999990479,-1,-1
38079,corner.diag,3807,3808,0,0,1,1
38089,corner.diag,3808,3809,9.999999999990479,9.999999999990479,-1,-1
38099,corner.diag,3809,3810,0,0,1,1
38109,corner.diag,3810,3811,9.999999999990479,9.999999999990479,-1,-1
38119,corner.diag,3811,3812,0,0,1,1
38129,corner.diag,3812,3813,9.999999999990479,9.999999999990479,-1,-1
38139,corner.diag,3813,3814,0,0,1,1
38149,corner.diag,3814,3815,9.999999999990479,9.999999999990479,-1,-1
38159,corner.diag,3815,3816,0,0,1,1
38169,corner.diag,3816,3817,9.999999999990479,9.999999999990479,-1,-1
38179,corner.diag,3817,3818,0,0,1,1
38189,corner.diag,3818,3819,9.999999999990479,9.999999999990479,-1,-1
38199,corner.diag,3819,3820,0,0,1,1
38209,corner.diag,3820,3821,9.999999999990479,9.999999999990479,-1,-1
38219,corner.diag,3821,3822,0,0,1,1
38229,corner.diag,3822,3823,9.999999999990479,9.999999999990479,-1,-1
38239,corner.diag,3823,3824,0,0,1,1
38249,corner.diag,3824,3825,9.999999999990479,9.999999999990479,-1,-1
38259,corner.diag,3825,3826,0,0,1,1
38269,corner.diag,3826,3827,9.999999999990479,9.999999999990479,-1,-1
38279,corner.diag,3827,3828,0,0,1,1
38289,corner.diag,3828,3829,9.999999999990479,9.999999999990479,-1,-1
38299,corner.diag,3829,3830,0,0,1,1
38309,corner.diag,3830,3831,9.999999999990479,9.999999999990479,-1,-1
38319,corner.diag,3831,3832,0,0,1,1
38329,corner.diag,3832,3833,9.999999999990479,9.999999999990479,-1,-1
38339,corner.diag,3833,3834,0,0,1,1
38349,corner.diag,3834,3835,9.999999999990479,9.999999999990479,-1,-1
38359,corner.diag,3835,3836,0,0,1,1
38369,corner.diag,3836,3837,9.999999999990479,9.999999999990479,-1,-1
38379,corner.diag,3837,3838,0,0,1,1
38389,corner.diag,3838,3839,9.999999999990479,9.999999999990479,-1,-1
38399,corner.diag,3839,3840,0,0,1,1
38409,corner.diag,3840,3841,9.999999999990479,9.999999999990479,-1,-1
38419,corner.diag,3841,3842,0,0,1,1
38429,corner.diag,3842,3843,9.999999999990479,9.999999999990479,-1,-1
38439,corner.diag,3843,3844,0,0,1,1
38449,corner.diag,3844,3845,9.999999999990479,9.999999999990479,-1,-1
38459,corner.diag,3845,3846,0,0,1,1
38469,corner.diag,3846,3847,9.999999999990479,9.999999999990479,-1,-1
38479,corner.diag,3847,3848,0,0,1,1
38489,corner.diag,3848,3849,9.999999999990479,9.999999999990479,-1,-1
38499,corner.diag,3849,3850,0,0,1,1
38509,corner.diag,3850,3851,9.999999999990479,9.999999999990479,-1,-1
38519,corner.diag,3851,3852,0,0,1,1
38529,corner.diag,3852,3853,9.999999999990479,9.999999999990479,-1,-1
38539,corner.diag,3853,3854,0,0,1,1
38549,corner.diag,3854,3855,9.999999999990479,9.999999999990479,-1,-1
38559,corner.diag,3855,3856,0,0,1,1
38569,corner.diag,3856,3857,9.999999999990479,9.999999999990479,-1,-1
38579,corner.diag,3857,3858,0,0,1,1
38589,corner.diag,3858,3859,9.999999999990479,9.999999999990479,-1,-1
38599,corner.diag,3859,3860,0,0,1,1
38609,corner.diag,3860,3861,9.999999999990479,9.999999999990479,-1,-1
38619,corner.diag,3861,3862,0,0,1,1
38629,corner.diag,3862,3863,9.999999999990479,9.999999999990479,-1,-1
38639,corner.diag,3863,3864,0,0,1,1
38649,corner.diag,3864,3865,9.999999999990479,9.999999999990479,-1,-1
38659,corner.diag,3865,3866,0,0,1,1
38669,corner.diag,3866,3867,9.999999999990479,9.999999999990479,-1,-1
38679,corner.diag,3867,3868,0,0,1,1
38689,corner.diag,3868,3869,9.999999999990479,9.999999999990479,-1,-1
38699,corner.diag,3869,3870,0,0,1,1
38709,corner.diag,3870,3871,9.999999999990479,9.999999999990479,-1,-1
38719,corner.diag,3871,3872,0,0,1,1
38729,corner.diag,3872,3873,9.999999999990479,9.999999999990479,-1,-1
38739,corner.diag,3873,3874,0,0,1,1
38749,corner.diag,3874,3875,9.999999999990479,9.999999999990479,-1,-1
38759,corner.diag,3875,3876,0,0,1,1
38769,corner.diag,3876,3877,9.999999999990479,9.999999999990479,-1,-1
38779,corner.diag,3877,3878,0,0,1,1
38789,corner.diag,3878,3879,9.999999999990479,9.999999999990479,-1,-1
38799,corner.diag,3879,3880,0,0,1,1
38809,corner.diag,3880,3881,9.999999999990479,9.999999999990479,-1,-1
38819,corner.diag,3881,3882,0,0,1,1
38829,corner.diag,3882,3883,9.999999999990479,9.999999999990479,-1,-1
38839,corner.diag,3883,3884,0,0,1,1
38849,corner.diag,3884,3885,9.999999999990479,9.999999999990479,-1,-1
38859,corner.diag,3885,3886,0,0,1,1
38869,corner.diag,3886,3887,9.999999999990479,9.999999999990479,-1,-1
38879,corner.diag,3887,3888,0,0,1,1
38889,corner.diag,3888,3889,9.999999999990479,9.999999999990479,-1,-1
38899,corner.diag,3889,3890,0,0,1,1
38909,corner.diag,3890,3891,9.999999999990479,9.999999999990479,-1,-1
38919,corner.diag,3891,3892,0,0,1,1
38929,corner.diag,3892,3893,9.999999999990479,9.999999999990479,-1,-1
38939,corner.diag,3893,3894,0,0,1,1
38949,corner.diag,3894,3895,9.999999999990479,9.999999999990479,-1,-1
38959,corner.diag,3895,3896,0,0,1,1
38969,corner.diag,3896,3897,9.999999999990479,9.999999999990479,-1,-1
38979,corner.diag,3897,3898,0,0,1,1
38989,corner.diag,3898,3899,9.999999999990479,9.999999999990479,-1,-1
38999,corner.diag,3899,3900,0,0,1,1
39009,corner.diag,3900,3901,9.999999999990479,9.999999999990479,-1,-1
39019,corner.diag,3901,3902,0,0,1,1
39029,corner.diag,3902,3903,9.999999999990479,9.999999999990479,-1,-1
39039,corner.diag,3903,3904,0,0,1,1
39049,corner.diag,3904,3905,9.999999999990479,9.999999999990479,-1,-1
39059,corner.diag,3905,3906,0,0,1,1
39069,corner.diag,3906,3907,9.999999999990479,9.999999999990479,-1,-1
39079,corner.diag,3907,3908,0,0,1,1
39089,corner.diag,3908,3909,9.999999999990479,9.999999999990479,-1,-1
39099,corner.diag,3909,3910,0,0,1,1
39109,corner.diag,3910,3911,9.999999999990479,9.999999999990479,-1,-1
39119,corner.diag,3911,3912,0,0,1,1
39129,corner.diag,3912,3913,9.999999999990479,9.999999999990479,-1,-1
39139,corner.diag,3913,3914,0,0,1,1
39149,corner.diag,3914,3915,9.999999999990479,9.999999999990479,-1,-1
39159,corner.diag,3915,3916,0,0,1,1
39169,corner.diag,3916,3917,9.999999999990479,9.999999999990479,-1,-1
39179,corner.diag,3917,3918,0,0,1,1
39189,corner.diag,3918,3919,9.999999999990479,9.999999999990479,-1,-1
39199,corner.diag,3919,3920,0,0,1,1
39209,corner.diag,3920,3921,9.999999999990479,9.999999999990479,-1,-1
39219,corner.diag,3921,3922,0,0,1,1
39229,corner.diag,3922,3923,9.999999999990479,9.999999999990479,-1,-1
39239,corner.diag,3923,3924,0,0,1,1
39249,corner.diag,3924,3925,9.999999999990479,9.999999999990479,-1,-1
39259,corner.diag,3925,3926,0,0,1,1
39269,corner.diag,3926,3927,9.999999999990479,9.999999999990479,-1,-1
39279,corner.diag,3927,3928,0,0,1,1
39289,corner.diag,3928,3929,9.999999999990479,9.999999999990479,-1,-1
39299,corner.diag,3929,3930,0,0,1,1
39309,corner.diag,3930,3931,9.999999999990479,9.999999999990479,-1,-1
39319,corner.diag,3931,3932,0,0,1,1
39329,corner.diag,3932,3933,9.999999999990479,9.999999999990479,-1,-1
39339,corner.diag,3933,3934,0,0,1,1
39349,corner.diag,3934,3935,9.999999999990479,9.999999999990479,-1,-1
39359,corner.diag,3935,3936,0,0,1,1
39369,corner.diag,3936,3937,9.999999999990479,9.999999999990479,-1,-1
39379,corner.diag,3937,3938,0,0,1,1
39389,corner.diag,3938,3939,9.999999999990479,9.999999999990479,-1,-1
39399,corner.diag,3939,3940,0,0,1,1
39409,corner.diag,3940,3941,9.999999999990479,9.999999999990479,-1,-1
39419,corner.diag,3941,3942,0,0,1,1
39429,corner.diag,3942,3943,9.999999999990479,9.999999999990479,-1,-1
39439,corner.diag,3943,3944,0,0,1,1
39449,corner.diag,3944,3945,9.999999999990479,9.999999999990479,-1,-1
39459,corner.diag,3945,3946,0,0,1,1
39469,corner.diag,3946,3947,9.999999999990479,9.999999999990479,-1,-1
39479,corner.diag,3947,3948,0,0,1,1
39489,corner.diag,3948,3949,9.999999999990479,9.999999999990479,-1,-1
39499,corner.diag,3949,3950,0,0,1,1
39509,corner.diag,3950,3951,9.999999999990479,9.999999999990479,-1,-1
39519,corner.diag,3951,3952,0,0,1,1
39529,corner.diag,3952,3953,9.999999999990479,9.999999999990479,-1,-1
39539,corner.diag,3953,3954,0,0,1,1
39549,corner.diag,3954,3955,9.999999999990479,9.999999999990479,-1,-1
39559,corner.diag,3955,3956,0,0,1,1
39569,corner.diag,3956,3957,9.999999999990479,9.999999999990479,-1,-1
39579,corner.diag,3957,3958,0,0,1,1
39589,corner.diag,3958,3959,9.999999999990479,9.999999999990479,-1,-1
39599,corner.diag,3959,3960,0,0,1,1
39609,corner.diag,3960,3961,9.999999999990479,9.999999999990479,-1,-1
39619,corner.diag,3961,3962,0,0,1,1
39629,corner.diag,3962,3963,9.999999999990479,9.999999999990479,-1,-1
39639,corner.diag,3963,3964,0,0,1,1
39649,corner.diag,3964,3965,9.999999999990479,9.999999999990479,-1,-1
39659,corner.diag,3965,3966,0,0,1,1
39669,corner.diag,3966,3967,9.999999999990479,9.999999999990479,-1,-1
39679,corner.diag,3967,3968,0,0,1,1
39689,corner.diag,3968,3969,9.999999999990479,9.999999999990479,-1,-1
39699,corner.diag,3969,3970,0,0,1,1
39709,corner.diag,3970,3971,9.999999999990479,9.999999999990479,-1,-1
39719,corner.diag,3971,3972,0,0,1,1
39729,corner.diag,3972,3973,9.999999999990479,9.999999999990479,-1,-1
39739,corner.diag,3973,3974,0,0,1,1
39749,corner.diag,3974,3975,9.999999999990479,9.999999999990479,-1,-1
39759,corner.diag,3975,3976,0,0,1,1
39769,corner.diag,3976,3977,9.999999999990479,9.999999999990479,-1,-1
39779,corner.diag,3977,3978,0,0,1,1
39789,corner.diag,3978,3979,9.999999999990479,9.999999999990479,-1,-1
39799,corner.diag,3979,3980,0,0,1,1
39809,corner.diag,3980,3981,9.999999999990479,9.999999999990479,-1,-1
39819,corner.diag,3981,3982,0,0,1,1
39829,corner.diag,3982,3983,9.999999999990479,9.999999999990479,-1,-1
39839,corner.diag,3983,3984,0,0,1,1
39849,corner.diag,3984,3985,9.999999999990479,9.999999999990479,-1,-1
39859,corner.diag,3985,3986,0,0,1,1
39869,corner.diag,3986,3987,9.999999999990479,9.999999999990479,-1,-1
39879,corner.diag,3987,3988,0,0,1,1
39889,corner.diag,3988,3989,9.999999999990479,9.999999999990479,-1,-1
39899,corner.diag,3989,3990,0,0,1,1
39909,corner.diag,3990,3991,9.999999999990479,9.999999999990479,-1,-1
39919,corner.diag,3991,3992,0,0,1,1
39929,corner.diag,3992,3993,9.999999999990479,9.999999999990479,-1,-1
39939,corner.diag,3993,3994,0,0,1,1
39949,corner.diag,3994,3995,9.999999999990479,9.999999999990479,-1,-1
39959,corner.diag,3995,3996,0,0,1,1
39969,corner.diag,3996,3997,9.999999999990479,9.999999999990479,-1,-1
39979,corner.diag,3997,3998,0,0,1,1
39989,corner.diag,3998,3999,9.999999999990479,9.999999999990479,-1,-1
39999,corner.diag,3999,4000,0,0,1,1
40000,INVERT_GEOM,4000,4000,1,1,-1,-1
40001,corner.diag,4000,4001,0,0,-1,-1
40002,corner.diag,4001,4002,0,0,1,1
40012,corner.diag,4002,4003,9.999999999990479,9.999999999990479,-1,-1
40022,corner.diag,4003,4004,0,0,1,1
40032,corner.diag,4004,4005,9.999999999990479,9.999999999990479,-1,-1
40042,corner.diag,4005,4006,0,0,1,1
40052,corner.diag,4006,4007,9.999999999990479,9.999999999990479,-1,-1
40062,corner.diag,4007,4008,0,0,1,1
40072,corner.diag,4008,4009,9.999999999990479,9.999999999990479,-1,-1
40082,corner.diag,4009,4010,0,0,1,1
40092,corner.diag,4010,4011,9.999999999990479,9.999999999990479,-1,-1
40102,corner.diag,4011,4012,0,0,1,1
40112,corner.diag,4012,4013,9.999999999990479,9.999999999990479,-1,-1
40122,corner.diag,4013,4014,0,0,1,1
40132,corner.diag,4014,4015,9.999999999990479,9.999999999990479,-1,-1
40142,corner.diag,4015,4016,0,0,1,1
40152,corner.diag,4016,4017,9.999999999990479,9.999999999990479,-1,-1
40162,corner.diag,4017,4018,0,0,1,1
40172,corner.diag,4018,4019,9.999999999990479,9.999999999990479,-1,-1
40182,corner.diag,4019,4020,0,0,1,1
40192,corner.diag,4020,4021,9.999999999990479,9.999999999990479,-1,-1
40202,corner.diag,4021,4022,0,0,1,1
40212,corner.diag,4022,4023,9.999999999990479,9.999999999990479,-1,-1
40222,corner.diag,4023,4024,0,0,1,1
40232,corner.diag,4024,4025,9.999999999990479,9.999999999990479,-1,-1
40242,corner.diag,4025,4026,0,0,1,1
40252,corner.diag,4026,4027,9.999999999990479,9.999999999990479,-1,-1
40262,corner.diag,4027,4028,0,0,1,1
40272,corner.diag,4028,4029,9.999999999990479,9.999999999990479,-1,-1
40282,corner.diag,4029,4030,0,0,1,1
40292,corner.diag,4030,4031,9.999999999990479,9.999999999990479,-1,-1
40302,corner.diag,4031,4032,0,0,1,1
40312,corner.diag,4032,4033,9.999999999990479,9.999999999990479,-1,-1
40322,corner.diag,4033,4034,0,0,1,1
40332,corner.diag,4034,4035,9.999999999990479,9.999999999990479,-1,-1
40342,corner.diag,4035,4036,0,0,1,1
40352,corner.diag,4036,4037,9.999999999990479,9.999999999990479,-1,-1
40362,corner.diag,4037,4038,0,0,1,1
40372,corner.diag,4038,4039,9.999999999990479,9.999999999990479,-1,-1
40382,corner.diag,4039,4040,0,0,1,1
40392,corner.diag,4040,4041,9.999999999990479,9.999999999990479,-1,-1
40402,corner.diag,4041,4042,0,0,1,1
40412,corner.diag,4042,4043,9.999999999990479,9.999999999990479,-1,-1
40422,corner.diag,4043,4044,0,0,1,1
40432,corner.diag,4044,4045,9.999999999990479,9.999999999990479,-1,-1
40442,corner.diag,4045,4046,0,0,1,1
40452,corner.diag,4046,4047,9.999999999990479,9.999999999990479,-1,-1
40462,corner.diag,4047,4048,0,0,1,1
40472,corner.diag,4048,4049,9.999999999990479,9.999999999990479,-1,-1
40482,corner.diag,4049,4050,0,0,1,1
40492,corner.diag,4050,4051,9.999999999990479,9.999999999990479,-1,-1
40502,corner.diag,4051,4052,0,0,1,1
40512,corner.diag,4052,4053,9.999999999990479,9.999999999990479,-1,-1
40522,corner.diag,4053,4054,0,0,1,1
40532,corner.diag,4054,4055,9.999999999990479,9.999999999990479,-1,-1
40542,corner.diag,4055,4056,0,0,1,1
40552,corner.diag,4056,4057,9.999999999990479,9.999999999990479,-1,-1
40562,corner.diag,4057,4058,0,0,1,1
40572,corner.diag,4058,4059,9.999999999990479,9.999999999990479,-1,-1
40582,corner.diag,4059,4060,0,0,1,1
40592,corner.diag,4060,4061,9.999999999990479,9.999999999990479,-1,-1
40602,corner.diag,4061,4062,0,0,1,1
40612,corner.diag,4062,4063,9.999999999990479,9.999999999990479,-1,-1
40622,corner.diag,4063,4064,0,0,1,1
40632,corner.diag,4064,4065,9.999999999990479,9.999999999990479,-1,-1
40642,corner.diag,4065,4066,0,0,1,1
40652,corner.diag,4066,4067,9.999999999990479,9.999999999990479,-1,-1
40662,corner.diag,4067,4068,0,0,1,1
40672,corner.diag,4068,4069,9.999999999990479,9.999999999990479,-1,-1
40682,corner.diag,4069,4070,0,0,1,1
40692,corner.diag,4070,4071,9.999999999990479,9.999999999990479,-1,-1
40702,corner.diag,4071,4072,0,0,1,1
40712,corner.diag,4072,4073,9.999999999990479,9.999999999990479,-1,-1
40722,corner.diag,4073,4074,0,0,1,1
40732,corner.diag,4074,4075,9.999999999990479,9.999999999990479,-1,-1
40742,corner.diag,4075,4076,0,0,1,1
40752,corner.diag,4076,4077,9.999999999990479,9.999999999990479,-1,-1
40762,corner.diag,4077,4078,0,0,1,1
40772,corner.diag,4078,4079,9.999999999990479,9.999999999990479,-1,-1
40782,corner.diag,4079,4080,0,0,1,1
40792,corner.diag,4080,4081,9.999999999990479,9.999999999990479,-1,-1
40802,corner.diag,4081,4082,0,0,1,1
40812,corner.diag,4082,4083,9.999999999990479,9.999999999990479,-1,-1
40822,corner.diag,4083,4084,0,0,1,1
40832,corner.diag,4084,4085,9.999999999990479,9.999999999990479,-1,-1
40842,corner.diag,4085,4086,0,0,1,1
40852,corner.diag,4086,4087,9.999999999990479,9.999999999990479,-1,-1
40862,corner.diag,4087,4088,0,0,1,1
40872,corner.diag,4088,4089,9.999999999990479,9.999999999990479,-1,-1
40882,corner.diag,4089,4090,0,0,1,1
40892,corner.diag,4090,4091,9.999999999990479,9.999999999990479,-1,-1
40902,corner.diag,4091,4092,0,0,1,1
40912,corner.diag,4092,4093,9.999999999990479,9.999999999990479,-1,-1
40922,corner.diag,4093,4094,0,0,1,1
40932,corner.diag,4094,4095,9.999999999990479,9.999999999990479,-1,-1
40942,corner.diag,4095,4096,0,0,1,1
40952,corner.diag,4096,4097,9.999999999990479,9.999999999990479,-1,-1
40962,corner.diag,4097,4098,0,0,1,1
40972,corner.diag,4098,4099,9.999999999990479,9.999999999990479,-1,-1
40982,corner.diag,4099,4100,0,0,1,1
40992,corner.diag,4100,4101,9.999999999990479,9.999999999990479,-1,-1
41002,corner.diag,4101,4102,0,0,1,1
41012,corner.diag,4102,4103,9.999999999990479,9.999999999990479,-1,-1
41022,corner.diag,4103,4104,0,0,1,1
41032,corner.diag,4104,4105,9.999999999990479,9.999999999990479,-1,-1
41042,corner.diag,4105,4106,0,0,1,1
41052,corner.diag,4106,4107,9.999999999990479,9.999999999990479,-1,-1
41062,corner.diag,4107,4108,0,0,1,1
41072,corner.diag,4108,4109,9.999999999990479,9.999999999990479,-1,-1
41082,corner.diag,4109,4110,0,0,1,1
41092,corner.diag,4110,4111,9.999999999990479,9.999999999990479,-1,-1
41102,corner.diag,4111,4112,0,0,1,1
41112,corner.diag,4112,4113,9.999999999990479,9.999999999990479,-1,-1
41122,corner.diag,4113,4114,0,0,1,1
41132,corner.diag,4114,4115,9.999999999990479,9.999999999990479,-1,-1
41142,corner.diag,4115,4116,0,0,1,1
41152,corner.diag,4116,4117,9.999999999990479,9.999999999990479,-1,-1
41162,corner.diag,4117,4118,0,0,1,1
41172,corner.diag,4118,4119,9.999999999990479,9.999999999990479,-1,-1
41182,corner.diag,4119,4120,0,0,1,1
41192,corner.diag,4120,4121,9.999999999990479,9.999999999990479,-1,-1
41202,corner.diag,4121,4122,0,0,1,1
41212,corner.diag,4122,4123,9.999999999990479,9.999999999990479,-1,-1
41222,corner.diag,4123,4124,0,0,1,1
41232,corner.diag,4124,4125,9.999999999990479,9.999999999990479,-1,-1
41242,corner.diag,4125,4126,0,0,1,1
41252,corner.diag,4126,4127,9.999999999990479,9.999999999990479,-1,-1
41262,corner.diag,4127,4128,0,0,1,1
41272,corner.diag,4128,4129,9.999999999990479,9.999999999990479,-1,-1
41282,corner.diag,4129,4130,0,0,1,1
41292,corner.diag,4130,4131,9.999999999990479,9.999999999990479,-1,-1
41302,corner.diag,4131,4132,0,0,1,1
41312,corner.diag,4132,4133,9.999999999990479,9.999999999990479,-1,-1
41322,corner.diag,4133,4134,0,0,1,1
41332,corner.diag,4134,4135,9.999999999990479,9.999999999990479,-1,-1
41342,corner.diag,4135,4136,0,0,1,1
41352,corner.diag,4136,4137,9.999999999990479,9.999999999990479,-1,-1
41362,corner.diag,4137,4138,0,0,1,1
41372,corner.diag,4138,4139,9.999999999990479,9.999999999990479,-1,-1
41382,corner.diag,4139,4140,0,0,1,1
41392,corner.diag,4140,4141,9.999999999990479,9.999999999990479,-1,-1
41402,corner.diag,4141,4142,0,0,1,1
41412,corner.diag,4142,4143,9.999999999990479,9.999999999990479,-1,-1
41422,corner.diag,4143,4144,0,0,1,1
41432,corner.diag,4144,4145,9.999999999990479,9.999999999990479,-1,-1
41442,corner.diag,4145,4146,0,0,1,1
41452,corner.diag,4146,4147,9.999999999990479,9.999999999990479,-1,-1
41462,corner.diag,4147,4148,0,0,1,1
41472,corner.diag,4148,4149,9.999999999990479,9.999999999990479,-1,-1
41482,corner.diag,4149,4150,0,0,1,1
41492,corner.diag,4150,4151,9.999999999990479,9.999999999990479,-1,-1
41502,corner.diag,4151,4152,0,0,1,1
41512,corner.diag,4152,4153,9.999999999990479,9.999999999990479,-1,-1
41522,corner.diag,4153,4154,0,0,1,1
41532,corner.diag,4154,4155,9.999999999990479,9.999999999990479,-1,-1
41542,corner.diag,4155,4156,0,0,1,1
41552,corner.diag,4156,4157,9.999999999990479,9.999999999990479,-1,-1
41562,corner.diag,4157,4158,0,0,1,1
41572,corner.diag,4158,4159,9.999999999990479,9.999999999990479,-1,-1
41582,corner.diag,4159,4160,0,0,1,1
41592,corner.diag,4160,4161,9.999999999990479,9.999999999990479,-1,-1
41602,corner.diag,4161,4162,0,0,1,1
41612,corner.diag,4162,4163,9.999999999990479,9.999999999990479,-1,-1
41622,corner.diag,4163,4164,0,0,1,1
41632,corner.diag,4164,4165,9.999999999990479,9.999999999990479,-1,-1
41642,corner.diag,4165,4166,0,0,1,1
41652,corner.diag,4166,4167,9.999999999990479,9.999999999990479,-1,-1
41662,corner.diag,4167,4168,0,0,1,1
41672,corner.diag,4168,4169,9.999999999990479,9.999999999990479,-1,-1
41682,corner.diag,4169,4170,0,0,1,1
41692,corner.diag,4170,4171,9.999999999990479,9.999999999990479,-1,-1
41702,corner.diag,4171,4172,0,0,1,1
41712,corner.diag,4172,4173,9.999999999990479,9.999999999990479,-1,-1
41722,corner.diag,4173,4174,0,0,1,1
41732,corner.diag,4174,4175,9.999999999990479,9.999999999990479,-1,-1
41742,corner.diag,4175,4176,0,0,1,1
41752,corner.diag,4176,4177,9.999999999990479,9.999999999990479,-1,-1
41762,corner.diag,4177,4178,0,0,1,1
41772,corner.diag,4178,4179,9.999999999990479,9.999999999990479,-1,-1
41782,corner.diag,4179,4180,0,0,1,1
41792,corner.diag,4180,4181,9.999999999990479,9.999999999990479,-1,-1
41802,corner.diag,4181,4182,0,0,1,1
41812,corner.diag,4182,4183,9.999999999990479,9.999999999990479,-1,-1
41822,corner.diag,4183,4184,0,0,1,1
41832,corner.diag,4184,4185,9.999999999990479,9.999999999990479,-1,-1
41842,corner.diag,4185,4186,0,0,1,1
41852,corner.diag,4186,4187,9.999999999990479,9.999999999990479,-1,-1
41862,corner.diag,4187,4188,0,0,1,1
41872,corner.diag,4188,4189,9.999999999990479,9.999999999990479,-1,-1
41882,corner.diag,4189,4190,0,0,1,1
41892,corner.diag,4190,4191,9.999999999990479,9.999999999990479,-1,-1
41902,corner.diag,4191,4192,0,0,1,1
41912,corner.diag,4192,4193,9.999999999990479,9.999999999990479,-1,-1
41922,corner.diag,4193,4194,0,0,1,1
41932,corner.diag,4194,4195,9.999999999990479,9.999999999990479,-1,-1
41942,corner.diag,4195,4196,0,0,1,1
41952,corner.diag,4196,4197,9.999999999990479,9.999999999990479,-1,-1
41962,corner.diag,4197,4198,0,0,1,1
41972,corner.diag,4198,4199,9.999999999990479,9.999999999990479,-1,-1
41982,corner.diag,4199,4200,0,0,1,1
41992,corner.diag,4200,4201,9.999999999990479,9.999999999990479,-1,-1
42002,corner.diag,4201,4202,0,0,1,1
42012,corner.diag,4202,4203,9.999999999990479,9.999999999990479,-1,-1
42022,corner.diag,4203,4204,0,0,1,1
42032,corner.diag,4204,4205,9.999999999990479,9.999999999990479,-1,-1
42042,corner.diag,4205,4206,0,0,1,1
42052,corner.diag,4206,4207,9.999999999990479,9.999999999990479,-1,-1
42062,corner.diag,4207,4208,0,0,1,1
42072,corner.diag,4208,4209,9.999999999990479,9.999999999990479,-1,-1
42082,corner.diag,4209,4210,0,0,1,1
42092,corner.diag,4210,4211,9.999999999990479,9.999999999990479,-1,-1
42102,corner.diag,4211,4212,0,0,1,1
42112,corner.diag,4212,4213,9.999999999990479,9.999999999990479,-1,-1
42122,corner.diag,4213,4214,0,0,1,1
42132,corner.diag,4214,4215,9.999999999990479,9.999999999990479,-1,-1
42142,corner.diag,4215,4216,0,0,1,1
42152,corner.diag,4216,4217,9.999999999990479,9.999999999990479,-1,-1
42162,corner.diag,4217,4218,0,0,1,1
42172,corner.diag,4218,4219,9.999999999990479,9.999999999990479,-1,-1
42182,corner.diag,4219,4220,0,0,1,1
42192,corner.diag,4220,4221,9.999999999990479,9.999999999990479,-1,-1
42202,corner.diag,4221,4222,0,0,1,1
42212,corner.diag,4222,4223,9.999999999990479,9.999999999990479,-1,-1
42222,corner.diag,4223,4224,0,0,1,1
42232,corner.diag,4224,4225,9.999999999990479,9.999999999990479,-1,-1
42242,corner.diag,4225,4226,0,0,1,1
42252,corner.diag,4226,4227,9.999999999990479,9.999999999990479,-1,-1
42262,corner.diag,4227,4228,0,0,1,1
42272,corner.diag,4228,4229,9.999999999990479,9.999999999990479,-1,-1
42282,corner.diag,4229,4230,0,0,1,1
42292,corner.diag,4230,4231,9.999999999990479,9.999999999990479,-1,-1
42302,corner.diag,4231,4232,0,0,1,1
42312,corner.diag,4232,4233,9.999999999990479,9.999999999990479,-1,-1
42322,corner.diag,4233,4234,0,0,1,1
42332,corner.diag,4234,4235,9.999999999990479,9.999999999990479,-1,-1
42342,corner.diag,4235,4236,0,0,1,1
42352,corner.diag,4236,4237,9.999999999990479,9.999999999990479,-1,-1
42362,corner.diag,4237,4238,0,0,1,1
42372,corner.diag,4238,4239,9.999999999990479,9.999999999990479,-1,-1
42382,corner.diag,4239,4240,0,0,1,1
42392,corner.diag,4240,4241,9.999999999990479,9.999999999990479,-1,-1
42402,corner.diag,4241,4242,0,0,1,1
42412,corner.diag,4242,4243,9.999999999990479,9.999999999990479,-1,-1
42422,corner.diag,4243,4244,0,0,1,1
42432,corner.diag,4244,4245,9.999999999990479,9.999999999990479,-1,-1
42442,corner.diag,4245,4246,0,0,1,1
42452,corner.diag,4246,4247,9.999999999990479,9.999999999990479,-1,-1
42462,corner.diag,4247,4248,0,0,1,1
42472,corner.diag,4248,4249,9.999999999990479,9.999999999990479,-1,-1
42482,corner.diag,4249,4250,0,0,1,1
42492,corner.diag,4250,4251,9.999999999990479,9.999999999990479,-1,-1
42502,corner.diag,4251,4252,0,0,1,1
42512,corner.diag,4252,4253,9.999999999990479,9.999999999990479,-1,-1
42522,corner.diag,4253,4254,0,0,1,1
42532,corner.diag,4254,4255,9.999999999990479,9.999999999990479,-1,-1
42542,corner.diag,4255,4256,0,0,1,1
42552,corner.diag,4256,4257,9.999999999990479,9.999999999990479,-1,-1
42562,corner.diag,4257,4258,0,0,1,1
42572,corner.diag,4258,4259,9.999999999990479,9.999999999990479,-1,-1
42582,corner.diag,4259,4260,0,0,1,1
42592,corner.diag,4260,4261,9.999999999990479,9.999999999990479,-1,-1
42602,corner.diag,4261,4262,0,0,1,1
42612,corner.diag,4262,4263,9.999999999990479,9.999999999990479,-1,-1
42622,corner.diag,4263,4264,0,0,1,1
42632,corner.diag,4264,4265,9.999999999990479,9.999999999990479,-1,-1
42642,corner.diag,4265,4266,0,0,1,1
42652,corner.diag,4266,4267,9.999999999990479,9.999999999990479,-1,-1
42662,corner.diag,4267,4268,0,0,1,1
42672,corner.diag,4268,4269,9.999999999990479,9.999999999990479,-1,-1
42682,corner.diag,4269,4270,0,0,1,1
42692,corner.diag,4270,4271,9.999999999990479,9.999999999990479,-1,-1
42702,corner.diag,4271,4272,0,0,1,1
42712,corner.diag,4272,4273,9.999999999990479,9.999999999990479,-1,-1
42722,corner.diag,4273,4274,0,0,1,1
42732,corner.diag,4274,4275,9.999999999990479,9.999999999990479,-1,-1
42742,corner.diag,4275,4276,0,0,1,1
42752,corner.diag,4276,4277,9.999999999990479,9.999999999990479,-1,-1
42762,corner.diag,4277,4278,0,0,1,1
42772,corner.diag,4278,4279,9.999999999990479,9.999999999990479,-1,-1
42782,corner.diag,4279,4280,0,0,1,1
42792,corner.diag,4280,4281,9.999999999990479,9.999999999990479,-1,-1
42802,corner.diag,4281,4282,0,0,1,1
42812,corner.diag,4282,4283,9.999999999990479,9.999999999990479,-1,-1
42822,corner.diag,4283,4284,0,0,1,1
42832,corner.diag,4284,4285,9.999999999990479,9.999999999990479,-1,-1
42842,corner.diag,4285,4286,0,0,1,1
42852,corner.diag,4286,4287,9.999999999990479,9.999999999990479,-1,-1
42862,corner.diag,4287,4288,0,0,1,1
42872,corner.diag,4288,4289,9.999999999990479,9.999999999990479,-1,-1
42882,corner.diag,4289,4290,0,0,1,1
42892,corner.diag,4290,4291,9.999999999990479,9.999999999990479,-1,-1
42902,corner.diag,4291,4292,0,0,1,1
42912,corner.diag,4292,4293,9.999999999990479,9.999999999990479,-1,-1
42922,corner.diag,4293,4294,0,0,1,1
42932,corner.diag,4294,4295,9.999999999990479,9.999999999990479,-1,-1
42942,corner.diag,4295,4296,0,0,1,1
42952,corner.diag,4296,4297,9.999999999990479,9.999999999990479,-1,-1
42962,corner.diag,4297,4298,0,0,1,1
42972,corner.diag,4298,4299,9.999999999990479,9.999999999990479,-1,-1
42982,corner.diag,4299,4300,0,0,1,1
42992,corner.diag,4300,4301,9.999999999990479,9.999999999990479,-1,-1
43002,corner.diag,4301,4302,0,0,1,1
43012,corner.diag,4302,4303,9.999999999990479,9.999999999990479,-1,-1
43022,corner.diag,4303,4304,0,0,1,1
43032,corner.diag,4304,4305,9.999999999990479,9.999999999990479,-1,-1
43042,corner.diag,4305,4306,0,0,1,1
43052,corner.diag,4306,4307,9.999999999990479,9.999999999990479,-1,-1
43062,corner.diag,4307,4308,0,0,1,1
43072,corner.diag,4308,4309,9.999999999990479,9.999999999990479,-1,-1
43082,corner.diag,4309,4310,0,0,1,1
43092,corner.diag,4310,4311,9.999999999990479,9.999999999990479,-1,-1
43102,corner.diag,4311,4312,0,0,1,1
43112,corner.diag,4312,4313,9.999999999990479,9.999999999990479,-1,-1
43122,corner.diag,4313,4314,0,0,1,1
43132,corner.diag,4314,4315,9.999999999990479,9.999999999990479,-1,-1
43142,corner.diag,4315,4316,0,0,1,1
43152,corner.diag,4316,4317,9.999999999990479,9.999999999990479,-1,-1
43162,corner.diag,4317,4318,0,0,1,1
43172,corner.diag,4318,4319,9.999999999990479,9.999999999990479,-1,-1
43182,corner.diag,4319,4320,0,0,1,1
43192,corner.diag,4320,4321,9.999999999990479,9.999999999990479,-1,-1
43202,corner.diag,4321,4322,0,0,1,1
43212,corner.diag,4322,4323,9.999999999990479,9.999999999990479,-1,-1
43222,corner.diag,4323,4324,0,0,1,1
43232,corner.diag,4324,4325,9.999999999990479,9.999999999990479,-1,-1
43242,corner.diag,4325,4326,0,0,1,1
43252,corner.diag,4326,4327,9.999999999990479,9.999999999990479,-1,-1
43262,corner.diag,4327,4328,0,0,1,1
43272,corner.diag,4328,4329,9.999999999990479,9.999999999990479,-1,-1
43282,corner.diag,4329,4330,0,0,1,1
43292,corner.diag,4330,4331,9.999999999990479,9.999999999990479,-1,-1
43302,corner.diag,4331,4332,0,0,1,1
43312,corner.diag,4332,4333,9.999999999990479,9.999999999990479,-1,-1
43322,corner.diag,4333,4334,0,0,1,1
43332,corner.diag,4334,4335,9.999999999990479,9.999999999990479,-1,-1
43342,corner.diag,4335,4336,0,0,1,1
43352,corner.diag,4336,4337,9.999999999990479,9.999999999990479,-1,-1
43362,corner.diag,4337,4338,0,0,1,1
43372,corner.diag,4338,4339,9.999999999990479,9.999999999990479,-1,-1
43382,corner.diag,4339,4340,0,0,1,1
43392,corner.diag,4340,4341,9.999999999990479,9.999999999990479,-1,-1
43402,corner.diag,4341,4342,0,0,1,1
43412,corner.diag,4342,4343,9.999999999990479,9.999999999990479,-1,-1
43422,corner.diag,4343,4344,0,0,1,1
43432,corner.diag,4344,4345,9.999999999990479,9.999999999990479,-1,-1
43442,corner.diag,4345,4346,0,0,1,1
43452,corner.diag,4346,4347,9.999999999990479,9.999999999990479,-1,-1
43462,corner.diag,4347,4348,0,0,1,1
43472,corner.diag,4348,4349,9.999999999990479,9.999999999990479,-1,-1
43482,corner.diag,4349,4350,0,0,1,1
43492,corner.diag,4350,4351,9.999999999990479,9.999999999990479,-1,-1
43502,corner.diag,4351,4352,0,0,1,1
43512,corner.diag,4352,4353,9.999999999990479,9.999999999990479,-1,-1
43522,corner.diag,4353,4354,0,0,1,1
43532,corner.diag,4354,4355,9.999999999990479,9.999999999990479,-1,-1
43542,corner.diag,4355,4356,0,0,1,1
43552,corner.diag,4356,4357,9.999999999990479,9.999999999990479,-1,-1
43562,corner.diag,4357,4358,0,0,1,1
43572,corner.diag,4358,4359,9.999999999990479,9.999999999990479,-1,-1
43582,corner.diag,4359,4360,0,0,1,1
43592,corner.diag,4360,4361,9.999999999990479,9.999999999990479,-1,-1
43602,corner.diag,4361,4362,0,0,1,1
43612,corner.diag,4362,4363,9.999999999990479,9.999999999990479,-1,-1
43622,corner.diag,4363,4364,0,0,1,1
43632,corner.diag,4364,4365,9.999999999990479,9.999999999990479,-1,-1
43642,corner.diag,4365,4366,0,0,1,1
43652,corner.diag,4366,4367,9.999999999990479,9.999999999990479,-1,-1
43662,corner.diag,4367,4368,0,0,1,1
43672,corner.diag,4368,4369,9.999999999990479,9.999999999990479,-1,-1
43682,corner.diag,4369,4370,0,0,1,1
43692,corner.diag,4370,4371,9.999999999990479,9.999999999990479,-1,-1
43702,corner.diag,4371,4372,0,0,1,1
43712,corner.diag,4372,4373,9.999999999990479,9.999999999990479,-1,-1
43722,corner.diag,4373,4374,0,0,1,1
43732,corner.diag,4374,4375,9.999999999990479,9.999999999990479,-1,-1
43742,corner.diag,4375,4376,0,0,1,1
43752,corner.diag,4376,4377,9.999999999990479,9.999999999990479,-1,-1
43762,corner.diag,4377,4378,0,0,1,1
43772,corner.diag,4378,4379,9.999999999990479,9.999999999990479,-1,-1
43782,corner.diag,4379,4380,0,0,1,1
43792,corner.diag,4380,4381,9.999999999990479,9.999999999990479,-1,-1
43802,corner.diag,4381,4382,0,0,1,1
43812,corner.diag,4382,4383,9.999999999990479,9.999999999990479,-1,-1
43822,corner.diag,4383,4384,0,0,1,1
43832,corner.diag,4384,4385,9.999999999990479,9.999999999990479,-1,-1
43842,corner.diag,4385,4386,0,0,1,1
43852,corner.diag,4386,4387,9.999999999990479,9.999999999990479,-1,-1
43862,corner.diag,4387,4388,0,0,1,1
43872,corner.diag,4388,4389,9.999999999990479,9.999999999990479,-1,-1
43882,corner.diag,4389,4390,0,0,1,1
43892,corner.diag,4390,4391,9.999999999990479,9.999999999990479,-1,-1
43902,corner.diag,4391,4392,0,0,1,1
43912,corner.diag,4392,4393,9.999999999990479,9.999999999990479,-1,-1
43922,corner.diag,4393,4394,0,0,1,1
43932,corner.diag,4394,4395,9.999999999990479,9.999999999990479,-1,-1
43942,corner.diag,4395,4396,0,0,1,1
43952,corner.diag,4396,4397,9.999999999990479,9.999999999990479,-1,-1
43962,corner.diag,4397,4398,0,0,1,1
43972,corner.diag,4398,4399,9.999999999990479,9.999999999990479,-1,-1
43982,corner.diag,4399,4400,0,0,1,1
43992,corner.diag,4400,4401,9.999999999990479,9.999999999990479,-1,-1
44002,corner.diag,4401,4402,0,0,1,1
44012,corner.diag,4402,4403,9.999999999990479,9.999999999990479,-1,-1
44022,corner.diag,4403,4404,0,0,1,1
44032,corner.diag,4404,4405,9.999999999990479,9.999999999990479,-1,-1
44042,corner.diag,4405,4406,0,0,1,1
44052,corner.diag,4406,4407,9.999999999990479,9.999999999990479,-1,-1
44062,corner.diag,4407,4408,0,0,1,1
44072,corner.diag,4408,4409,9.999999999990479,9.999999999990479,-1,-1
44082,corner.diag,4409,4410,0,0,1,1
44092,corner.diag,4410,4411,9.999999999990479,9.999999999990479,-1,-1
44102,corner.diag,4411,4412,0,0,1,1
44112,corner.diag,4412,4413,9.999999999990479,9.999999999990479,-1,-1
44122,corner.diag,4413,4414,0,0,1,1
44132,corner.diag,4414,4415,9.999999999990479,9.999999999990479,-1,-1
44142,corner.diag,4415,4416,0,0,1,1
44152,corner.diag,4416,4417,9.999999999990479,9.999999999990479,-1,-1
44162,corner.diag,4417,4418,0,0,1,1
44172,corner.diag,4418,4419,9.999999999990479,9.999999999990479,-1,-1
44182,corner.diag,4419,4420,0,0,1,1
44192,corner.diag,4420,4421,9.999999999990479,9.999999999990479,-1,-1
44202,corner.diag,4421,4422,0,0,1,1
44212,corner.diag,4422,4423,9.999999999990479,9.999999999990479,-1,-1
44222,corner.diag,4423,4424,0,0,1,1
44232,corner.diag,4424,4425,9.999999999990479,9.999999999990479,-1,-1
44242,corner.diag,4425,4426,0,0,1,1
44252,corner.diag,4426,4427,9.999999999990479,9.999999999990479,-1,-1
44262,corner.diag,4427,4428,0,0,1,1
44272,corner.diag,4428,4429,9.999999999990479,9.999999999990479,-1,-1
44282,corner.diag,4429,4430,0,0,1,1
44292,corner.diag,4430,4431,9.999999999990479,9.999999999990479,-1,-1
44302,corner.diag,4431,4432,0,0,1,1
44312,corner.diag,4432,4433,9.999999999990479,9.999999999990479,-1,-1
44322,corner.diag,4433,4434,0,0,1,1
44332,corner.diag,4434,4435,9.999999999990479,9.999999999990479,-1,-1
44342,corner.diag,4435,4436,0,0,1,1
44352,corner.diag,4436,4437,9.999999999990479,9.999999999990479,-1,-1
44362,corner.diag,4437,4438,0,0,1,1
44372,corner.diag,4438,4439,9.999999999990479,9.999999999990479,-1,-1
44382,corner.diag,4439,4440,0,0,1,1
44392,corner.diag,4440,4441,9.999999999990479,9.999999999990479,-1,-1
44402,corner.diag,4441,4442,0,0,1,1
44412,corner.diag,4442,4443,9.999999999990479,9.999999999990479,-1,-1
44422,corner.diag,4443,4444,0,0,1,1
44432,corner.diag,4444,4445,9.999999999990479,9.999999999990479,-1,-1
44442,corner.diag,4445,4446,0,0,1,1
44452,corner.diag,4446,4447,9.999999999990479,9.999999999990479,-1,-1
44462,corner.diag,4447,4448,0,0,1,1
44472,corner.diag,4448,4449,9.999999999990479,9.999999999990479,-1,-1
44482,corner.diag,4449,4450,0,0,1,1
44492,corner.diag,4450,4451,9.999999999990479,9.999999999990479,-1,-1
44502,corner.diag,4451,4452,0,0,1,1
44512,corner.diag,4452,4453,9.999999999990479,9.999999999990479,-1,-1
44522,corner.diag,4453,4454,0,0,1,1
44532,corner.diag,4454,4455,9.999999999990479,9.999999999990479,-1,-1
44542,corner.diag,4455,4456,0,0,1,1
44552,corner.diag,4456,4457,9.999999999990479,9.999999999990479,-1,-1
44562,corner.diag,4457,4458,0,0,1,1
44572,corner.diag,4458,4459,9.999999999990479,9.999999999990479,-1,-1
44582,corner.diag,4459,4460,0,0,1,1
44592,corner.diag,4460,4461,9.999999999990479,9.999999999990479,-1,-1
44602,corner.diag,4461,4462,0,0,1,1
44612,corner.diag,4462,4463,9.999999999990479,9.999999999990479,-1,-1
44622,corner.diag,4463,4464,0,0,1,1
44632,corner.diag,4464,4465,9.999999999990479,9.999999999990479,-1,-1
44642,corner.diag,4465,4466,0,0,1,1
44652,corner.diag,4466,4467,9.999999999990479,9.999999999990479,-1,-1
44662,corner.diag,4467,4468,0,0,1,1
44672,corner.diag,4468,4469,9.999999999990479,9.999999999990479,-1,-1
44682,corner.diag,4469,4470,0,0,1,1
44692,corner.diag,4470,4471,9.999999999990479,9.999999999990479,-1,-1
44702,corner.diag,4471,4472,0,0,1,1
44712,corner.diag,4472,4473,9.999999999990479,9.999999999990479,-1,-1
44722,corner.diag,4473,4474,0,0,1,1
44732,corner.diag,4474,4475,9.999999999990479,9.999999999990479,-1,-1
44742,corner.diag,4475,4476,0,0,1,1
44752,corner.diag,4476,4477,9.999999999990479,9.999999999990479,-1,-1
44762,corner.diag,4477,4478,0,0,1,1
44772,corner.diag,4478,4479,9.999999999990479,9.999999999990479,-1,-1
44782,corner.diag,4479,4480,0,0,1,1
44792,corner.diag,4480,4481,9.999999999990479,9.999999999990479,-1,-1
44802,corner.diag,4481,4482,0,0,1,1
44812,corner.diag,4482,4483,9.999999999990479,9.999999999990479,-1,-1
44822,corner.diag,4483,4484,0,0,1,1
44832,corner.diag,4484,4485,9.999999999990479,9.999999999990479,-1,-1
44842,corner.diag,4485,4486,0,0,1,1
44852,corner.diag,4486,4487,9.999999999990479,9.999999999990479,-1,-1
44862,corner.diag,4487,4488,0,0,1,1
44872,corner.diag,4488,4489,9.999999999990479,9.999999999990479,-1,-1
44882,corner.diag,4489,4490,0,0,1,1
44892,corner.diag,4490,4491,9.999999999990479,9.999999999990479,-1,-1
44902,corner.diag,4491,4492,0,0,1,1
44912,corner.diag,4492,4493,9.999999999990479,9.999999999990479,-1,-1
44922,corner.diag,4493,4494,0,0,1,1
44932,corner.diag,4494,4495,9.999999999990479,9.999999999990479,-1,-1
44942,corner.diag,4495,4496,0,0,1,1
44952,corner.diag,4496,4497,9.999999999990479,9.999999999990479,-1,-1
44962,corner.diag,4497,4498,0,0,1,1
44972,corner.diag,4498,4499,9.999999999990479,9.999999999990479,-1,-1
44982,corner.diag,4499,4500,0,0,1,1
44992,corner.diag,4500,4501,9.999999999990479,9.999999999990479,-1,-1
45002,corner.diag,4501,4502,0,0,1,1
45012,corner.diag,4502,4503,9.999999999990479,9.999999999990479,-1,-1
45022,corner.diag,4503,4504,0,0,1,1
45032,corner.diag,4504,4505,9.999999999990479,9.999999999990479,-1,-1
45042,corner.diag,4505,4506,0,0,1,1
45052,corner.diag,4506,4507,9.999999999990479,9.999999999990479,-1,-1
45062,corner.diag,4507,4508,0,0,1,1
45072,corner.diag,4508,4509,9.999999999990479,9.999999999990479,-1,-1
45082,corner.diag,4509,4510,0,0,1,1
45092,corner.diag,4510,4511,9.999999999990479,9.999999999990479,-1,-1
45102,corner.diag,4511,4512,0,0,1,1
45112,corner.diag,4512,4513,9.999999999990479,9.999999999990479,-1,-1
45122,corner.diag,4513,4514,0,0,1,1
45132,corner.diag,4514,4515,9.999999999990479,9.999999999990479,-1,-1
45142,corner.diag,4515,4516,0,0,1,1
45152,corner.diag,4516,4517,9.999999999990479,9.999999999990479,-1,-1
45162,corner.diag,4517,4518,0,0,1,1
45172,corner.diag,4518,4519,9.999999999990479,9.999999999990479,-1,-1
45182,corner.diag,4519,4520,0,0,1,1
45192,corner.diag,4520,4521,9.999999999990479,9.999999999990479,-1,-1
45202,corner.diag,4521,4522,0,0,1,1
45212,corner.diag,4522,4523,9.999999999990479,9.999999999990479,-1,-1
45222,corner.diag,4523,4524,0,0,1,1
45232,corner.diag,4524,4525,9.999999999990479,9.999999999990479,-1,-1
45242,corner.diag,4525,4526,0,0,1,1
45252,corner.diag,4526,4527,9.999999999990479,9.999999999990479,-1,-1
45262,corner.diag,4527,4528,0,0,1,1
45272,corner.diag,4528,4529,9.999999999990479,9.999999999990479,-1,-1
45282,corner.diag,4529,4530,0,0,1,1
45292,corner.diag,4530,4531,9.999999999990479,9.999999999990479,-1,-1
45302,corner.diag,4531,4532,0,0,1,1
45312,corner.diag,4532,4533,9.999999999990479,9.999999999990479,-1,-1
45322,corner.diag,4533,4534,0,0,1,1
45332,corner.diag,4534,4535,9.999999999990479,9.999999999990479,-1,-1
45342,corner.diag,4535,4536,0,0,1,1
45352,corner.diag,4536,4537,9.999999999990479,9.999999999990479,-1,-1
45362,corner.diag,4537,4538,0,0,1,1
45372,corner.diag,4538,4539,9.999999999990479,9.999999999990479,-1,-1
45382,corner.diag,4539,4540,0,0,1,1
45392,corner.diag,4540,4541,9.999999999990479,9.999999999990479,-1,-1
45402,corner.diag,4541,4542,0,0,1,1
45412,corner.diag,4542,4543,9.999999999990479,9.999999999990479,-1,-1
45422,corner.diag,4543,4544,0,0,1,1
45432,corner.diag,4544,4545,9.999999999990479,9.999999999990479,-1,-1
45442,corner.diag,4545,4546,0,0,1,1
45452,corner.diag,4546,4547,9.999999999990479,9.999999999990479,-1,-1
45462,corner.diag,4547,4548,0,0,1,1
45472,corner.diag,4548,4549,9.999999999990479,9.999999999990479,-1,-1
45482,corner.diag,4549,4550,0,0,1,1
45492,corner.diag,4550,4551,9.999999999990479,9.999999999990479,-1,-1
45502,corner.diag,4551,4552,0,0,1,1
45512,corner.diag,4552,4553,9.999999999990479,9.999999999990479,-1,-1
45522,corner.diag,4553,4554,0,0,1,1
45532,corner.diag,4554,4555,9.999999999990479,9.999999999990479,-1,-1
45542,corner.diag,4555,4556,0,0,1,1
45552,corner.diag,4556,4557,9.999999999990479,9.999999999990479,-1,-1
45562,corner.diag,4557,4558,0,0,1,1
45572,corner.diag,4558,4559,9.999999999990479,9.999999999990479,-1,-1
45582,corner.diag,4559,4560,0,0,1,1
45592,corner.diag,4560,4561,9.999999999990479,9.999999999990479,-1,-1
45602,corner.diag,4561,4562,0,0,1,1
45612,corner.diag,4562,4563,9.999999999990479,9.999999999990479,-1,-1
45622,corner.diag,4563,4564,0,0,1,1
45632,corner.diag,4564,4565,9.999999999990479,9.999999999990479,-1,-1
45642,corner.diag,4565,4566,0,0,1,1
45652,corner.diag,4566,4567,9.999999999990479,9.999999999990479,-1,-1
45662,corner.diag,4567,4568,0,0,1,1
45672,corner.diag,4568,4569,9.999999999990479,9.999999999990479,-1,-1
45682,corner.diag,4569,4570,0,0,1,1
45692,corner.diag,4570,4571,9.999999999990479,9.999999999990479,-1,-1
45702,corner.diag,4571,4572,0,0,1,1
45712,corner.diag,4572,4573,9.999999999990479,9.999999999990479,-1,-1
45722,corner.diag,4573,4574,0,0,1,1
45732,corner.diag,4574,4575,9.999999999990479,9.999999999990479,-1,-1
45742,corner.diag,4575,4576,0,0,1,1
45752,corner.diag,4576,4577,9.999999999990479,9.999999999990479,-1,-1
45762,corner.diag,4577,4578,0,0,1,1
45772,corner.diag,4578,4579,9.999999999990479,9.999999999990479,-1,-1
45782,corner.diag,4579,4580,0,0,1,1
45792,corner.diag,4580,4581,9.999999999990479,9.999999999990479,-1,-1
45802,corner.diag,4581,4582,0,0,1,1
45812,corner.diag,4582,4583,9.999999999990479,9.999999999990479,-1,-1
45822,corner.diag,4583,4584,0,0,1,1
45832,corner.diag,4584,4585,9.999999999990479,9.999999999990479,-1,-1
45842,corner.diag,4585,4586,0,0,1,1
45852,corner.diag,4586,4587,9.999999999990479,9.999999999990479,-1,-1
45862,corner.diag,4587,4588,0,0,1,1
45872,corner.diag,4588,4589,9.999999999990479,9.999999999990479,-1,-1
45882,corner.diag,4589,4590,0,0,1,1
45892,corner.diag,4590,4591,9.999999999990479,9.999999999990479,-1,-1
45902,corner.diag,4591,4592,0,0,1,1
45912,corner.diag,4592,4593,9.999999999990479,9.999999999990479,-1,-1
45922,corner.diag,4593,4594,0,0,1,1
45932,corner.diag,4594,4595,9.999999999990479,9.999999999990479,-1,-1
45942,corner.diag,4595,4596,0,0,1,1
45952,corner.diag,4596,4597,9.999999999990479,9.999999999990479,-1,-1
45962,corner.diag,4597,4598,0,0,1,1
45972,corner.diag,4598,4599,9.999999999990479,9.999999999990479,-1,-1
45982,corner.diag,4599,4600,0,0,1,1
45992,corner.diag,4600,4601,9.999999999990479,9.999999999990479,-1,-1
46002,corner.diag,4601,4602,0,0,1,1
46012,corner.diag,4602,4603,9.999999999990479,9.999999999990479,-1,-1
46022,corner.diag,4603,4604,0,0,1,1
46032,corner.diag,4604,4605,9.999999999990479,9.999999999990479,-1,-1
46042,corner.diag,4605,4606,0,0,1,1
46052,corner.diag,4606,4607,9.999999999990479,9.999999999990479,-1,-1
46062,corner.diag,4607,4608,0,0,1,1
46072,corner.diag,4608,4609,9.999999999990479,9.999999999990479,-1,-1
46082,corner.diag,4609,4610,0,0,1,1
46092,corner.diag,4610,4611,9.999999999990479,9.999999999990479,-1,-1
46102,corner.diag,4611,4612,0,0,1,1
46112,corner.diag,4612,4613,9.999999999990479,9.999999999990479,-1,-1
46122,corner.diag,4613,4614,0,0,1,1
46132,corner.diag,4614,4615,9.999999999990479,9.999999999990479,-1,-1
46142,corner.diag,4615,4616,0,0,1,1
46152,corner.diag,4616,4617,9.999999999990479,9.999999999990479,-1,-1
46162,corner.diag,4617,4618,0,0,1,1
46172,corner.diag,4618,4619,9.999999999990479,9.999999999990479,-1,-1
46182,corner.diag,4619,4620,0,0,1,1
46192,corner.diag,4620,4621,9.999999999990479,9.999999999990479,-1,-1
46202,corner.diag,4621,4622,0,0,1,1
46212,corner.diag,4622,4623,9.999999999990479,9.999999999990479,-1,-1
46222,corner.diag,4623,4624,0,0,1,1
46232,corner.diag,4624,4625,9.999999999990479,9.999999999990479,-1,-1
46242,corner.diag,4625,4626,0,0,1,1
46252,corner.diag,4626,4627,9.999999999990479,9.999999999990479,-1,-1
46262,corner.diag,4627,4628,0,0,1,1
46272,corner.diag,4628,4629,9.999999999990479,9.999999999990479,-1,-1
46282,corner.diag,4629,4630,0,0,1,1
46292,corner.diag,4630,4631,9.999999999990479,9.999999999990479,-1,-1
46302,corner.diag,4631,4632,0,0,1,1
46312,corner.diag,4632,4633,9.999999999990479,9.999999999990479,-1,-1
46322,corner.diag,4633,4634,0,0,1,1
46332,corner.diag,4634,4635,9.999999999990479,9.999999999990479,-1,-1
46342,corner.diag,4635,4636,0,0,1,1
46352,corner.diag,4636,4637,9.999999999990479,9.999999999990479,-1,-1
46362,corner.diag,4637,4638,0,0,1,1
46372,corner.diag,4638,4639,9.999999999990479,9.999999999990479,-1,-1
46382,corner.diag,4639,4640,0,0,1,1
46392,corner.diag,4640,4641,9.999999999990479,9.999999999990479,-1,-1
46402,corner.diag,4641,4642,0,0,1,1
46412,corner.diag,4642,4643,9.999999999990479,9.999999999990479,-1,-1
46422,corner.diag,4643,4644,0,0,1,1
46432,corner.diag,4644,4645,9.999999999990479,9.999999999990479,-1,-1
46442,corner.diag,4645,4646,0,0,1,1
46452,corner.diag,4646,4647,9.999999999990479,9.999999999990479,-1,-1
46462,corner.diag,4647,4648,0,0,1,1
46472,corner.diag,4648,4649,9.999999999990479,9.999999999990479,-1,-1
46482,corner.diag,4649,4650,0,0,1,1
46492,corner.diag,4650,4651,9.999999999990479,9.999999999990479,-1,-1
46502,corner.diag,4651,4652,0,0,1,1
46512,corner.diag,4652,4653,9.999999999990479,9.999999999990479,-1,-1
46522,corner.diag,4653,4654,0,0,1,1
46532,corner.diag,4654,4655,9.999999999990479,9.999999999990479,-1,-1
46542,corner.diag,4655,4656,0,0,1,1
46552,corner.diag,4656,4657,9.999999999990479,9.999999999990479,-1,-1
46562,corner.diag,4657,4658,0,0,1,1
46572,corner.diag,4658,4659,9.999999999990479,9.999999999990479,-1,-1
46582,corner.diag,4659,4660,0,0,1,1
46592,corner.diag,4660,4661,9.999999999990479,9.999999999990479,-1,-1
46602,corner.diag,4661,4662,0,0,1,1
46612,corner.diag,4662,4663,9.999999999990479,9.999999999990479,-1,-1
46622,corner.diag,4663,4664,0,0,1,1
46632,corner.diag,4664,4665,9.999999999990479,9.999999999990479,-1,-1
46642,corner.diag,4665,4666,0,0,1,1
46652,corner.diag,4666,4667,9.999999999990479,9.999999999990479,-1,-1
46662,corner.diag,4667,4668,0,0,1,1
46672,corner.diag,4668,4669,9.999999999990479,9.999999999990479,-1,-1
46682,corner.diag,4669,4670,0,0,1,1
46692,corner.diag,4670,4671,9.999999999990479,9.999999999990479,-1,-1
46702,corner.diag,4671,4672,0,0,1,1
46712,corner.diag,4672,4673,9.999999999990479,9.999999999990479,-1,-1
46722,corner.diag,4673,4674,0,0,1,1
46732,corner.diag,4674,4675,9.999999999990479,9.999999999990479,-1,-1
46742,corner.diag,4675,4676,0,0,1,1
46752,corner.diag,4676,4677,9.999999999990479,9.999999999990479,-1,-1
46762,corner.diag,4677,4678,0,0,1,1
46772,corner.diag,4678,4679,9.999999999990479,9.999999999990479,-1,-1
46782,corner.diag,4679,4680,0,0,1,1
46792,corner.diag,4680,4681,9.999999999990479,9.999999999990479,-1,-1
46802,corner.diag,4681,4682,0,0,1,1
46812,corner.diag,4682,4683,9.999999999990479,9.999999999990479,-1,-1
46822,corner.diag,4683,4684,0,0,1,1
46832,corner.diag,4684,4685,9.999999999990479,9.999999999990479,-1,-1
46842,corner.diag,4685,4686,0,0,1,1
46852,corner.diag,4686,4687,9.999999999990479,9.999999999990479,-1,-1
46862,corner.diag,4687,4688,0,0,1,1
46872,corner.diag,4688,4689,9.999999999990479,9.999999999990479,-1,-1
46882,corner.diag,4689,4690,0,0,1,1
46892,corner.diag,4690,4691,9.999999999990479,9.999999999990479,-1,-1
46902,corner.diag,4691,4692,0,0,1,1
46912,corner.diag,4692,4693,9.999999999990479,9.999999999990479,-1,-1
46922,corner.diag,4693,4694,0,0,1,1
46932,corner.diag,4694,4695,9.999999999990479,9.999999999990479,-1,-1
46942,corner.diag,4695,4696,0,0,1,1
46952,corner.diag,4696,4697,9.999999999990479,9.999999999990479,-1,-1
46962,corner.diag,4697,4698,0,0,1,1
46972,corner.diag,4698,4699,9.999999999990479,9.999999999990479,-1,-1
46982,corner.diag,4699,4700,0,0,1,1
46992,corner.diag,4700,4701,9.999999999990479,9.999999999990479,-1,-1
47002,corner.diag,4701,4702,0,0,1,1
47012,corner.diag,4702,4703,9.999999999990479,9.999999999990479,-1,-1
47022,corner.diag,4703,4704,0,0,1,1
47032,corner.diag,4704,4705,9.999999999990479,9.999999999990479,-1,-1
47042,corner.diag,4705,4706,0,0,1,1
47052,corner.diag,4706,4707,9.999999999990479,9.999999999990479,-1,-1
47062,corner.diag,4707,4708,0,0,1,1
47072,corner.diag,4708,4709,9.999999999990479,9.999999999990479,-1,-1
47082,corner.diag,4709,4710,0,0,1,1
47092,corner.diag,4710,4711,9.999999999990479,9.999999999990479,-1,-1
47102,corner.diag,4711,4712,0,0,1,1
47112,corner.diag,4712,4713,9.999999999990479,9.999999999990479,-1,-1
47122,corner.diag,4713,4714,0,0,1,1
47132,corner.diag,4714,4715,9.999999999990479,9.999999999990479,-1,-1
47142,corner.diag,4715,4716,0,0,1,1
47152,corner.diag,4716,4717,9.999999999990479,9.999999999990479,-1,-1
47162,corner.diag,4717,4718,0,0,1,1
47172,corner.diag,4718,4719,9.999999999990479,9.999999999990479,-1,-1
47182,corner.diag,4719,4720,0,0,1,1
47192,corner.diag,4720,4721,9.999999999990479,9.999999999990479,-1,-1
47202,corner.diag,4721,4722,0,0,1,1
47212,corner.diag,4722,4723,9.999999999990479,9.999999999990479,-1,-1
47222,corner.diag,4723,4724,0,0,1,1
47232,corner.diag,4724,4725,9.999999999990479,9.999999999990479,-1,-1
47242,corner.diag,4725,4726,0,0,1,1
47252,corner.diag,4726,4727,9.999999999990479,9.999999999990479,-1,-1
47262,corner.diag,4727,4728,0,0,1,1
47272,corner.diag,4728,4729,9.999999999990479,9.999999999990479,-1,-1
47282,corner.diag,4729,4730,0,0,1,1
47292,corner.diag,4730,4731,9.999999999990479,9.999999999990479,-1,-1
47302,corner.diag,4731,4732,0,0,1,1
47312,corner.diag,4732,4733,9.999999999990479,9.999999999990479,-1,-1
47322,corner.diag,4733,4734,0,0,1,1
47332,corner.diag,4734,4735,9.999999999990479,9.999999999990479,-1,-1
47342,corner.diag,4735,4736,0,0,1,1
47352,corner.diag,4736,4737,9.999999999990479,9.999999999990479,-1,-1
47362,corner.diag,4737,4738,0,0,1,1
47372,corner.diag,4738,4739,9.999999999990479,9.999999999990479,-1,-1
47382,corner.diag,4739,4740,0,0,1,1
47392,corner.diag,4740,4741,9.999999999990479,9.999999999990479,-1,-1
47402,corner.diag,4741,4742,0,0,1,1
47412,corner.diag,4742,4743,9.999999999990479,9.999999999990479,-1,-1
47422,corner.diag,4743,4744,0,0,1,1
47432,corner.diag,4744,4745,9.999999999990479,9.999999999990479,-1,-1
47442,corner.diag,4745,4746,0,0,1,1
47452,corner.diag,4746,4747,9.999999999990479,9.999999999990479,-1,-1
47462,corner.diag,4747,4748,0,0,1,1
47472,corner.diag,4748,4749,9.999999999990479,9.999999999990479,-1,-1
47482,corner.diag,4749,4750,0,0,1,1
47492,corner.diag,4750,4751,9.999999999990479,9.999999999990479,-1,-1
47502,corner.diag,4751,4752,0,0,1,1
47512,corner.diag,4752,4753,9.999999999990479,9.999999999990479,-1,-1
47522,corner.diag,4753,4754,0,0,1,1
47532,corner.diag,4754,4755,9.999999999990479,9.999999999990479,-1,-1
47542,corner.diag,4755,4756,0,0,1,1
47552,corner.diag,4756,4757,9.999999999990479,9.999999999990479,-1,-1
47562,corner.diag,4757,4758,0,0,1,1
47572,corner.diag,4758,4759,9.999999999990479,9.999999999990479,-1,-1
47582,corner.diag,4759,4760,0,0,1,1
47592,corner.diag,4760,4761,9.999999999990479,9.999999999990479,-1,-1
47602,corner.diag,4761,4762,0,0,1,1
47612,corner.diag,4762,4763,9.999999999990479,9.999999999990479,-1,-1
47622,corner.diag,4763,4764,0,0,1,1
47632,corner.diag,4764,4765,9.999999999990479,9.999999999990479,-1,-1
47642,corner.diag,4765,4766,0,0,1,1
47652,corner.diag,4766,4767,9.999999999990479,9.999999999990479,-1,-1
47662,corner.diag,4767,4768,0,0,1,1
47672,corner.diag,4768,4769,9.999999999990479,9.999999999990479,-1,-1
47682,corner.diag,4769,4770,0,0,1,1
47692,corner.diag,4770,4771,9.999999999990479,9.999999999990479,-1,-1
47702,corner.diag,4771,4772,0,0,1,1
47712,corner.diag,4772,4773,9.999999999990479,9.999999999990479,-1,-1
47722,corner.diag,4773,4774,0,0,1,1
47732,corner.diag,4774,4775,9.999999999990479,9.999999999990479,-1,-1
47742,corner.diag,4775,4776,0,0,1,1
47752,corner.diag,4776,4777,9.999999999990479,9.999999999990479,-1,-1
47762,corner.diag,4777,4778,0,0,1,1
47772,corner.diag,4778,4779,9.999999999990479,9.999999999990479,-1,-1
47782,corner.diag,4779,4780,0,0,1,1
47792,corner.diag,4780,4781,9.999999999990479,9.999999999990479,-1,-1
47802,corner.diag,4781,4782,0,0,1,1
47812,corner.diag,4782,4783,9.999999999990479,9.999999999990479,-1,-1
47822,corner.diag,4783,4784,0,0,1,1
47832,corner.diag,4784,4785,9.999999999990479,9.999999999990479,-1,-1
47842,corner.diag,4785,4786,0,0,1,1
47852,corner.diag,4786,4787,9.999999999990479,9.999999999990479,-1,-1
47862,corner.diag,4787,4788,0,0,1,1
47872,corner.diag,4788,4789,9.999999999990479,9.999999999990479,-1,-1
47882,corner.diag,4789,4790,0,0,1,1
47892,corner.diag,4790,4791,9.999999999990479,9.999999999990479,-1,-1
47902,corner.diag,4791,4792,0,0,1,1
47912,corner.diag,4792,4793,9.999999999990479,9.999999999990479,-1,-1
47922,corner.diag,4793,4794,0,0,1,1
47932,corner.diag,4794,4795,9.999999999990479,9.999999999990479,-1,-1
47942,corner.diag,4795,4796,0,0,1,1
47952,corner.diag,4796,4797,9.999999999990479,9.999999999990479,-1,-1
47962,corner.diag,4797,4798,0,0,1,1
47972,corner.diag,4798,4799,9.999999999990479,9.999999999990479,-1,-1
47982,corner.diag,4799,4800,0,0,1,1
47992,corner.diag,4800,4801,9.999999999990479,9.999999999990479,-1,-1
48002,corner.diag,4801,4802,0,0,1,1
48012,corner.diag,4802,4803,9.999999999990479,9.999999999990479,-1,-1
48022,corner.diag,4803,4804,0,0,1,1
48032,corner.diag,4804,4805,9.999999999990479,9.999999999990479,-1,-1
48042,corner.diag,4805,4806,0,0,1,1
48052,corner.diag,4806,4807,9.999999999990479,9.999999999990479,-1,-1
48062,corner.diag,4807,4808,0,0,1,1
48072,corner.diag,4808,4809,9.999999999990479,9.999999999990479,-1,-1
48082,corner.diag,4809,4810,0,0,1,1
48092,corner.diag,4810,4811,9.999999999990479,9.999999999990479,-1,-1
48102,corner.diag,4811,4812,0,0,1,1
48112,corner.diag,4812,4813,9.999999999990479,9.999999999990479,-1,-1
48122,corner.diag,4813,4814,0,0,1,1
48132,corner.diag,4814,4815,9.999999999990479,9.999999999990479,-1,-1
48142,corner.diag,4815,4816,0,0,1,1
48152,corner.diag,4816,4817,9.999999999990479,9.999999999990479,-1,-1
48162,corner.diag,4817,4818,0,0,1,1
48172,corner.diag,4818,4819,9.999999999990479,9.999999999990479,-1,-1
48182,corner.diag,4819,4820,0,0,1,1
48192,corner.diag,4820,4821,9.999999999990479,9.999999999990479,-1,-1
48202,corner.diag,4821,4822,0,0,1,1
48212,corner.diag,4822,4823,9.999999999990479,9.999999999990479,-1,-1
48222,corner.diag,4823,4824,0,0,1,1
48232,corner.diag,4824,4825,9.999999999990479,9.999999999990479,-1,-1
48242,corner.diag,4825,4826,0,0,1,1
48252,corner.diag,4826,4827,9.999999999990479,9.999999999990479,-1,-1
48262,corner.diag,4827,4828,0,0,1,1
48272,corner.diag,4828,4829,9.999999999990479,9.999999999990479,-1,-1
48282,corner.diag,4829,4830,0,0,1,1
48292,corner.diag,4830,4831,9.999999999990479,9.999999999990479,-1,-1
48302,corner.diag,4831,4832,0,0,1,1
48312,corner.diag,4832,4833,9.999999999990479,9.999999999990479,-1,-1
48322,corner.diag,4833,4834,0,0,1,1
48332,corner.diag,4834,4835,9.999999999990479,9.999999999990479,-1,-1
48342,corner.diag,4835,4836,0,0,1,1
48352,corner.diag,4836,4837,9.999999999990479,9.999999999990479,-1,-1
48362,corner.diag,4837,4838,0,0,1,1
48372,corner.diag,4838,4839,9.999999999990479,9.999999999990479,-1,-1
48382,corner.diag,4839,4840,0,0,1,1
48392,corner.diag,4840,4841,9.999999999990479,9.999999999990479,-1,-1
48402,corner.diag,4841,4842,0,0,1,1
48412,corner.diag,4842,4843,9.999999999990479,9.999999999990479,-1,-1
48422,corner.diag,4843,4844,0,0,1,1
48432,corner.diag,4844,4845,9.999999999990479,9.999999999990479,-1,-1
48442,corner.diag,4845,4846,0,0,1,1
48452,corner.diag,4846,4847,9.999999999990479,9.999999999990479,-1,-1
48462,corner.diag,4847,4848,0,0,1,1
48472,corner.diag,4848,4849,9.999999999990479,9.999999999990479,-1,-1
48482,corner.diag,4849,4850,0,0,1,1
48492,corner.diag,4850,4851,9.999999999990479,9.999999999990479,-1,-1
48502,corner.diag,4851,4852,0,0,1,1
48512,corner.diag,4852,4853,9.999999999990479,9.999999999990479,-1,-1
48522,corner.diag,4853,4854,0,0,1,1
48532,corner.diag,4854,4855,9.999999999990479,9.999999999990479,-1,-1
48542,corner.diag,4855,4856,0,0,1,1
48552,corner.diag,4856,4857,9.999999999990479,9.999999999990479,-1,-1
48562,corner.diag,4857,4858,0,0,1,1
48572,corner.diag,4858,4859,9.999999999990479,9.999999999990479,-1,-1
48582,corner.diag,4859,4860,0,0,1,1
48592,corner.diag,4860,4861,9.999999999990479,9.999999999990479,-1,-1
48602,corner.diag,4861,4862,0,0,1,1
48612,corner.diag,4862,4863,9.999999999990479,9.999999999990479,-1,-1
48622,corner.diag,4863,4864,0,0,1,1
48632,corner.diag,4864,4865,9.999999999990479,9.999999999990479,-1,-1
48642,corner.diag,4865,4866,0,0,1,1
48652,corner.diag,4866,4867,9.999999999990479,9.999999999990479,-1,-1
48662,corner.diag,4867,4868,0,0,1,1
48672,corner.diag,4868,4869,9.999999999990479,9.999999999990479,-1,-1
48682,corner.diag,4869,4870,0,0,1,1
48692,corner.diag,4870,4871,9.999999999990479,9.999999999990479,-1,-1
48702,corner.diag,4871,4872,0,0,1,1
48712,corner.diag,4872,4873,9.999999999990479,9.999999999990479,-1,-1
48722,corner.diag,4873,4874,0,0,1,1
48732,corner.diag,4874,4875,9.999999999990479,9.999999999990479,-1,-1
48742,corner.diag,4875,4876,0,0,1,1
48752,corner.diag,4876,4877,9.999999999990479,9.999999999990479,-1,-1
48762,corner.diag,4877,4878,0,0,1,1
48772,corner.diag,4878,4879,9.999999999990479,9.999999999990479,-1,-1
48782,corner.diag,4879,4880,0,0,1,1
48792,corner.diag,4880,4881,9.999999999990479,9.999999999990479,-1,-1
48802,corner.diag,4881,4882,0,0,1,1
48812,corner.diag,4882,4883,9.999999999990479,9.999999999990479,-1,-1
48822,corner.diag,4883,4884,0,0,1,1
48832,corner.diag,4884,4885,9.999999999990479,9.999999999990479,-1,-1
48842,corner.diag,4885,4886,0,0,1,1
48852,corner.diag,4886,4887,9.999999999990479,9.999999999990479,-1,-1
48862,corner.diag,4887,4888,0,0,1,1
48872,corner.diag,4888,4889,9.999999999990479,9.999999999990479,-1,-1
48882,corner.diag,4889,4890,0,0,1,1
48892,corner.diag,4890,4891,9.999999999990479,9.999999999990479,-1,-1
48902,corner.diag,4891,4892,0,0,1,1
48912,corner.diag,4892,4893,9.999999999990479,9.999999999990479,-1,-1
48922,corner.diag,4893,4894,0,0,1,1
48932,corner.diag,4894,4895,9.999999999990479,9.999999999990479,-1,-1
48942,corner.diag,4895,4896,0,0,1,1
48952,corner.diag,4896,4897,9.999999999990479,9.999999999990479,-1,-1
48962,corner.diag,4897,4898,0,0,1,1
48972,corner.diag,4898,4899,9.999999999990479,9.999999999990479,-1,-1
48982,corner.diag,4899,4900,0,0,1,1
48992,corner.diag,4900,4901,9.999999999990479,9.999999999990479,-1,-1
49002,corner.diag,4901,4902,0,0,1,1
49012,corner.diag,4902,4903,9.999999999990479,9.999999999990479,-1,-1
49022,corner.diag,4903,4904,0,0,1,1
49032,corner.diag,4904,4905,9.999999999990479,9.999999999990479,-1,-1
49042,corner.diag,4905,4906,0,0,1,1
49052,corner.diag,4906,4907,9.999999999990479,9.999999999990479,-1,-1
49062,corner.diag,4907,4908,0,0,1,1
49072,corner.diag,4908,4909,9.999999999990479,9.999999999990479,-1,-1
49082,corner.diag,4909,4910,0,0,1,1
49092,corner.diag,4910,4911,9.999999999990479,9.999999999990479,-1,-1
49102,corner.diag,4911,4912,0,0,1,1
49112,corner.diag,4912,4913,9.999999999990479,9.999999999990479,-1,-1
49122,corner.diag,4913,4914,0,0,1,1
49132,corner.diag,4914,4915,9.999999999990479,9.999999999990479,-1,-1
49142,corner.diag,4915,4916,0,0,1,1
49152,corner.diag,4916,4917,9.999999999990479,9.999999999990479,-1,-1
49162,corner.diag,4917,4918,0,0,1,1
49172,corner.diag,4918,4919,9.999999999990479,9.999999999990479,-1,-1
49182,corner.diag,4919,4920,0,0,1,1
49192,corner.diag,4920,4921,9.999999999990479,9.999999999990479,-1,-1
49202,corner.diag,4921,4922,0,0,1,1
49212,corner.diag,4922,4923,9.999999999990479,9.999999999990479,-1,-1
49222,corner.diag,4923,4924,0,0,1,1
49232,corner.diag,4924,4925,9.999999999990479,9.999999999990479,-1,-1
49242,corner.diag,4925,4926,0,0,1,1
49252,corner.diag,4926,4927,9.999999999990479,9.999999999990479,-1,-1
49262,corner.diag,4927,4928,0,0,1,1
49272,corner.diag,4928,4929,9.999999999990479,9.999999999990479,-1,-1
49282,corner.diag,4929,4930,0,0,1,1
49292,corner.diag,4930,4931,9.999999999990479,9.999999999990479,-1,-1
49302,corner.diag,4931,4932,0,0,1,1
49312,corner.diag,4932,4933,9.999999999990479,9.999999999990479,-1,-1
49322,corner.diag,4933,4934,0,0,1,1
49332,corner.diag,4934,4935,9.999999999990479,9.999999999990479,-1,-1
49342,corner.diag,4935,4936,0,0,1,1
49352,corner.diag,4936,4937,9.999999999990479,9.999999999990479,-1,-1
49362,corner.diag,4937,4938,0,0,1,1
49372,corner.diag,4938,4939,9.999999999990479,9.999999999990479,-1,-1
49382,corner.diag,4939,4940,0,0,1,1
49392,corner.diag,4940,4941,9.999999999990479,9.999999999990479,-1,-1
49402,corner.diag,4941,4942,0,0,1,1
49412,corner.diag,4942,4943,9.999999999990479,9.999999999990479,-1,-1
49422,corner.diag,4943,4944,0,0,1,1
49432,corner.diag,4944,4945,9.999999999990479,9.999999999990479,-1,-1
49442,corner.diag,4945,4946,0,0,1,1
49452,corner.diag,4946,4947,9.999999999990479,9.999999999990479,-1,-1
49462,corner.diag,4947,4948,0,0,1,1
49472,corner.diag,4948,4949,9.999999999990479,9.999999999990479,-1,-1
49482,corner.diag,4949,4950,0,0,1,1
49492,corner.diag,4950,4951,9.999999999990479,9.999999999990479,-1,-1
49502,corner.diag,4951,4952,0,0,1,1
49512,corner.diag,4952,4953,9.999999999990479,9.999999999990479,-1,-1
49522,corner.diag,4953,4954,0,0,1,1
49532,corner.diag,4954,4955,9.999999999990479,9.999999999990479,-1,-1
49542,corner.diag,4955,4956,0,0,1,1
49552,corner.diag,4956,4957,9.999999999990479,9.999999999990479,-1,-1
49562,corner.diag,4957,4958,0,0,1,1
49572,corner.diag,4958,4959,9.999999999990479,9.999999999990479,-1,-1
49582,corner.diag,4959,4960,0,0,1,1
49592,corner.diag,4960,4961,9.999999999990479,9.999999999990479,-1,-1
49602,corner.diag,4961,4962,0,0,1,1
49612,corner.diag,4962,4963,9.999999999990479,9.999999999990479,-1,-1
49622,corner.diag,4963,4964,0,0,1,1
49632,corner.diag,4964,4965,9.999999999990479,9.999999999990479,-1,-1
49642,corner.diag,4965,4966,0,0,1,1
49652,corner.diag,4966,4967,9.999999999990479,9.999999999990479,-1,-1
49662,corner.diag,4967,4968,0,0,1,1
49672,corner.diag,4968,4969,9.999999999990479,9.999999999990479,-1,-1
49682,corner.diag,4969,4970,0,0,1,1
49692,corner.diag,4970,4971,9.999999999990479,9.999999999990479,-1,-1
49702,corner.diag,4971,4972,0,0,1,1
49712,corner.diag,4972,4973,9.999999999990479,9.999999999990479,-1,-1
49722,corner.diag,4973,4974,0,0,1,1
49732,corner.diag,4974,4975,9.999999999990479,9.999999999990479,-1,-1
49742,corner.diag,4975,4976,0,0,1,1
49752,corner.diag,4976,4977,9.999999999990479,9.999999999990479,-1,-1
49762,corner.diag,4977,4978,0,0,1,1
49772,corner.diag,4978,4979,9.999999999990479,9.999999999990479,-1,-1
49782,corner.diag,4979,4980,0,0,1,1
49792,corner.diag,4980,4981,9.999999999990479,9.999999999990479,-1,-1
49802,corner.diag,4981,4982,0,0,1,1
49812,corner.diag,4982,4983,9.999999999990479,9.999999999990479,-1,-1
49822,corner.diag,4983,4984,0,0,1,1
49832,corner.diag,4984,4985,9.999999999990479,9.999999999990479,-1,-1
49842,corner.diag,4985,4986,0,0,1,1
49852,corner.diag,4986,4987,9.999999999990479,9.999999999990479,-1,-1
49862,corner.diag,4987,4988,0,0,1,1
49872,corner.diag,4988,4989,9.999999999990479,9.999999999990479,-1,-1
49882,corner.diag,4989,4990,0,0,1,1
49892,corner.diag,4990,4991,9.999999999990479,9.999999999990479,-1,-1
49902,corner.diag,4991,4992,0,0,1,1
49912,corner.diag,4992,4993,9.999999999990479,9.999999999990479,-1,-1
49922,corner.diag,4993,4994,0,0,1,1
49932,corner.diag,4994,4995,9.999999999990479,9.999999999990479,-1,-1
49942,corner.diag,4995,4996,0,0,1,1
49952,corner.diag,4996,4997,9.999999999990479,9.999999999990479,-1,-1
49962,corner.diag,4997,4998,0,0,1,1
49972,corner.diag,4998,4999,9.999999999990479,9.999999999990479,-1,-1
49982,corner.diag,4999,5000,0,0,1,1
49992,corner.diag,5000,5001,9.999999999990479,9.999999999990479,-1,-1
50002,corner.diag,5001,5002,0,0,1,1
50012,corner.diag,5002,5003,9.999999999990479,9.999999999990479,-1,-1
50022,corner.diag,5003,5004,0,0,1,1
50032,corner.diag,5004,5005,9.999999999990479,9.999999999990479,-1,-1
50042,corner.diag,5005,5006,0,0,1,1
50052,corner.diag,5006,5007,9.999999999990479,9.999999999990479,-1,-1
50062,corner.diag,5007,5008,0,0,1,1
50072,corner.diag,5008,5009,9.999999999990479,9.999999999990479,-1,-1
50082,corner.diag,5009,5010,0,0,1,1
50092,corner.diag,5010,5011,9.999999999990479,9.999999999990479,-1,-1
50102,corner.diag,5011,5012,0,0,1,1
50112,corner.diag,5012,5013,9.999999999990479,9.999999999990479,-1,-1
50122,corner.diag,5013,5014,0,0,1,1
50132,corner.diag,5014,5015,9.999999999990479,9.999999999990479,-1,-1
50142,corner.diag,5015,5016,0,0,1,1
50152,corner.diag,5016,5017,9.999999999990479,9.999999999990479,-1,-1
50162,corner.diag,5017,5018,0,0,1,1
50172,corner.diag,5018,5019,9.999999999990479,9.999999999990479,-1,-1
50182,corner.diag,5019,5020,0,0,1,1
50192,corner.diag,5020,5021,9.999999999990479,9.999999999990479,-1,-1
50202,corner.diag,5021,5022,0,0,1,1
50212,corner.diag,5022,5023,9.999999999990479,9.999999999990479,-1,-1
50222,corner.diag,5023,5024,0,0,1,1
50232,corner.diag,5024,5025,9.999999999990479,9.999999999990479,-1,-1
50242,corner.diag,5025,5026,0,0,1,1
50252,corner.diag,5026,5027,9.999999999990479,9.999999999990479,-1,-1
50262,corner.diag,5027,5028,0,0,1,1
50272,corner.diag,5028,5029,9.999999999990479,9.999999999990479,-1,-1
50282,corner.diag,5029,5030,0,0,1,1
50292,corner.diag,5030,5031,9.999999999990479,9.999999999990479,-1,-1
50302,corner.diag,5031,5032,0,0,1,1
50312,corner.diag,5032,5033,9.999999999990479,9.999999999990479,-1,-1
50322,corner.diag,5033,5034,0,0,1,1
50332,corner.diag,5034,5035,9.999999999990479,9.999999999990479,-1,-1
50342,corner.diag,5035,5036,0,0,1,1
50352,corner.diag,5036,5037,9.999999999990479,9.999999999990479,-1,-1
50362,corner.diag,5037,5038,0,0,1,1
50372,corner.diag,5038,5039,9.999999999990479,9.999999999990479,-1,-1
50382,corner.diag,5039,5040,0,0,1,1
50392,corner.diag,5040,5041,9.999999999990479,9.999999999990479,-1,-1
50402,corner.diag,5041,5042,0,0,1,1
50412,corner.diag,5042,5043,9.999999999990479,9.999999999990479,-1,-1
50422,corner.diag,5043,5044,0,0,1,1
50432,corner.diag,5044,5045,9.999999999990479,9.999999999990479,-1,-1
50442,corner.diag,5045,5046,0,0,1,1
50452,corner.diag,5046,5047,9.999999999990479,9.999999999990479,-1,-1
50462,corner.diag,5047,5048,0,0,1,1
50472,corner.diag,5048,5049,9.999999999990479,9.999999999990479,-1,-1
50482,corner.diag,5049,5050,0,0,1,1
50492,corner.diag,5050,5051,9.999999999990479,9.999999999990479,-1,-1
50502,corner.diag,5051,5052,0,0,1,1
50512,corner.diag,5052,5053,9.999999999990479,9.999999999990479,-1,-1
50522,corner.diag,5053,5054,0,0,1,1
50532,corner.diag,5054,5055,9.999999999990479,9.999999999990479,-1,-1
50542,corner.diag,5055,5056,0,0,1,1
50552,corner.diag,5056,5057,9.999999999990479,9.999999999990479,-1,-1
50562,corner.diag,5057,5058,0,0,1,1
50572,corner.diag,5058,5059,9.999999999990479,9.999999999990479,-1,-1
50582,corner.diag,5059,5060,0,0,1,1
50592,corner.diag,5060,5061,9.999999999990479,9.999999999990479,-1,-1
50602,corner.diag,5061,5062,0,0,1,1
50612,corner.diag,5062,5063,9.999999999990479,9.999999999990479,-1,-1
50622,corner.diag,5063,5064,0,0,1,1
50632,corner.diag,5064,5065,9.999999999990479,9.999999999990479,-1,-1
50642,corner.diag,5065,5066,0,0,1,1
50652,corner.diag,5066,5067,9.999999999990479,9.999999999990479,-1,-1
50662,corner.diag,5067,5068,0,0,1,1
50672,corner.diag,5068,5069,9.999999999990479,9.999999999990479,-1,-1
50682,corner.diag,5069,5070,0,0,1,1
50692,corner.diag,5070,5071,9.999999999990479,9.999999999990479,-1,-1
50702,corner.diag,5071,5072,0,0,1,1
50712,corner.diag,5072,5073,9.999999999990479,9.999999999990479,-1,-1
50722,corner.diag,5073,5074,0,0,1,1
50732,corner.diag,5074,5075,9.999999999990479,9.999999999990479,-1,-1
50742,corner.diag,5075,5076,0,0,1,1
50752,corner.diag,5076,5077,9.999999999990479,9.999999999990479,-1,-1
50762,corner.diag,5077,5078,0,0,1,1
50772,corner.diag,5078,5079,9.999999999990479,9.999999999990479,-1,-1
50782,corner.diag,5079,5080,0,0,1,1
50792,corner.diag,5080,5081,9.999999999990479,9.999999999990479,-1,-1
50802,corner.diag,5081,5082,0,0,1,1
50812,corner.diag,5082,5083,9.999999999990479,9.999999999990479,-1,-1
50822,corner.diag,5083,5084,0,0,1,1
50832,corner.diag,5084,5085,9.999999999990479,9.999999999990479,-1,-1
50842,corner.diag,5085,5086,0,0,1,1
50852,corner.diag,5086,5087,9.999999999990479,9.999999999990479,-1,-1
50862,corner.diag,5087,5088,0,0,1,1
50872,corner.diag,5088,5089,9.999999999990479,9.999999999990479,-1,-1
50882,corner.diag,5089,5090,0,0,1,1
50892,corner.diag,5090,5091,9.999999999990479,9.999999999990479,-1,-1
50902,corner.diag,5091,5092,0,0,1,1
50912,corner.diag,5092,5093,9.999999999990479,9.999999999990479,-1,-1
50922,corner.diag,5093,5094,0,0,1,1
50932,corner.diag,5094,5095,9.999999999990479,9.999999999990479,-1,-1
50942,corner.diag,5095,5096,0,0,1,1
50952,corner.diag,5096,5097,9.999999999990479,9.999999999990479,-1,-1
50962,corner.diag,5097,5098,0,0,1,1
50972,corner.diag,5098,5099,9.999999999990479,9.999999999990479,-1,-1
50982,corner.diag,5099,5100,0,0,1,1
50992,corner.diag,5100,5101,9.999999999990479,9.999999999990479,-1,-1
51002,corner.diag,5101,5102,0,0,1,1
51012,corner.diag,5102,5103,9.999999999990479,9.999999999990479,-1,-1
51022,corner.diag,5103,5104,0,0,1,1
51032,corner.diag,5104,5105,9.999999999990479,9.999999999990479,-1,-1
51042,corner.diag,5105,5106,0,0,1,1
51052,corner.diag,5106,5107,9.999999999990479,9.999999999990479,-1,-1
51062,corner.diag,5107,5108,0,0,1,1
51072,corner.diag,5108,5109,9.999999999990479,9.999999999990479,-1,-1
51082,corner.diag,5109,5110,0,0,1,1
51092,corner.diag,5110,5111,9.999999999990479,9.999999999990479,-1,-1
51102,corner.diag,5111,5112,0,0,1,1
51112,corner.diag,5112,5113,9.999999999990479,9.999999999990479,-1,-1
51122,corner.diag,5113,5114,0,0,1,1
51132,corner.diag,5114,5115,9.999999999990479,9.999999999990479,-1,-1
51142,corner.diag,5115,5116,0,0,1,1
51152,corner.diag,5116,5117,9.999999999990479,9.999999999990479,-1,-1
51162,corner.diag,5117,5118,0,0,1,1
51172,corner.diag,5118,5119,9.999999999990479,9.999999999990479,-1,-1
51182,corner.diag,5119,5120,0,0,1,1
51192,corner.diag,5120,5121,9.999999999990479,9.999999999990479,-1,-1
51202,corner.diag,5121,5122,0,0,1,1
51212,corner.diag,5122,5123,9.999999999990479,9.999999999990479,-1,-1
51222,corner.diag,5123,5124,0,0,1,1
51232,corner.diag,5124,5125,9.999999999990479,9.999999999990479,-1,-1
51242,corner.diag,5125,5126,0,0,1,1
51252,corner.diag,5126,5127,9.999999999990479,9.999999999990479,-1,-1
51262,corner.diag,5127,5128,0,0,1,1
51272,corner.diag,5128,5129,9.999999999990479,9.999999999990479,-1,-1
51282,corner.diag,5129,5130,0,0,1,1
51292,corner.diag,5130,5131,9.999999999990479,9.999999999990479,-1,-1
51302,corner.diag,5131,5132,0,0,1,1
51312,corner.diag,5132,5133,9.999999999990479,9.999999999990479,-1,-1
51322,corner.diag,5133,5134,0,0,1,1
51332,corner.diag,5134,5135,9.999999999990479,9.999999999990479,-1,-1
51342,corner.diag,5135,5136,0,0,1,1
51352,corner.diag,5136,5137,9.999999999990479,9.999999999990479,-1,-1
51362,corner.diag,5137,5138,0,0,1,1
51372,corner.diag,5138,5139,9.999999999990479,9.999999999990479,-1,-1
51382,corner.diag,5139,5140,0,0,1,1
51392,corner.diag,5140,5141,9.999999999990479,9.999999999990479,-1,-1
51402,corner.diag,5141,5142,0,0,1,1
51412,corner.diag,5142,5143,9.999999999990479,9.999999999990479,-1,-1
51422,corner.diag,5143,5144,0,0,1,1
51432,corner.diag,5144,5145,9.999999999990479,9.999999999990479,-1,-1
51442,corner.diag,5145,5146,0,0,1,1
51452,corner.diag,5146,5147,9.999999999990479,9.999999999990479,-1,-1
51462,corner.diag,5147,5148,0,0,1,1
51472,corner.diag,5148,5149,9.999999999990479,9.999999999990479,-1,-1
51482,corner.diag,5149,5150,0,0,1,1
51492,corner.diag,5150,5151,9.999999999990479,9.999999999990479,-1,-1
51502,corner.diag,5151,5152,0,0,1,1
51512,corner.diag,5152,5153,9.999999999990479,9.999999999990479,-1,-1
51522,corner.diag,5153,5154,0,0,1,1
51532,corner.diag,5154,5155,9.999999999990479,9.999999999990479,-1,-1
51542,corner.diag,5155,5156,0,0,1,1
51552,corner.diag,5156,5157,9.999999999990479,9.999999999990479,-1,-1
51562,corner.diag,5157,5158,0,0,1,1
51572,corner.diag,5158,5159,9.999999999990479,9.999999999990479,-1,-1
51582,corner.diag,5159,5160,0,0,1,1
51592,corner.diag,5160,5161,9.999999999990479,9.999999999990479,-1,-1
51602,corner.diag,5161,5162,0,0,1,1
51612,corner.diag,5162,5163,9.999999999990479,9.999999999990479,-1,-1
51622,corner.diag,5163,5164,0,0,1,1
51632,corner.diag,5164,5165,9.999999999990479,9.999999999990479,-1,-1
51642,corner.diag,5165,5166,0,0,1,1
51652,corner.diag,5166,5167,9.999999999990479,9.999999999990479,-1,-1
51662,corner.diag,5167,5168,0,0,1,1
51672,corner.diag,5168,5169,9.999999999990479,9.999999999990479,-1,-1
51682,corner.diag,5169,5170,0,0,1,1
51692,corner.diag,5170,5171,9.999999999990479,9.999999999990479,-1,-1
51702,corner.diag,5171,5172,0,0,1,1
51712,corner.diag,5172,5173,9.999999999990479,9.999999999990479,-1,-1
51722,corner.diag,5173,5174,0,0,1,1
51732,corner.diag,5174,5175,9.999999999990479,9.999999999990479,-1,-1
51742,corner.diag,5175,5176,0,0,1,1
51752,corner.diag,5176,5177,9.999999999990479,9.999999999990479,-1,-1
51762,corner.diag,5177,5178,0,0,1,1
51772,corner.diag,5178,5179,9.999999999990479,9.999999999990479,-1,-1
51782,corner.diag,5179,5180,0,0,1,1
51792,corner.diag,5180,5181,9.999999999990479,9.999999999990479,-1,-1
51802,corner.diag,5181,5182,0,0,1,1
51812,corner.diag,5182,5183,9.999999999990479,9.999999999990479,-1,-1
51822,corner.diag,5183,5184,0,0,1,1
51832,corner.diag,5184,5185,9.999999999990479,9.999999999990479,-1,-1
51842,corner.diag,5185,5186,0,0,1,1
51852,corner.diag,5186,5187,9.999999999990479,9.999999999990479,-1,-1
51862,corner.diag,5187,5188,0,0,1,1
51872,corner.diag,5188,5189,9.999999999990479,9.999999999990479,-1,-1
51882,corner.diag,5189,5190,0,0,1,1
51892,corner.diag,5190,5191,9.999999999990479,9.999999999990479,-1,-1
51902,corner.diag,5191,5192,0,0,1,1
51912,corner.diag,5192,5193,9.999999999990479,9.999999999990479,-1,-1
51922,corner.diag,5193,5194,0,0,1,1
51932,corner.diag,5194,5195,9.999999999990479,9.999999999990479,-1,-1
51942,corner.diag,5195,5196,0,0,1,1
51952,corner.diag,5196,5197,9.999999999990479,9.999999999990479,-1,-1
51962,corner.diag,5197,5198,0,0,1,1
51972,corner.diag,5198,5199,9.999999999990479,9.999999999990479,-1,-1
51982,corner.diag,5199,5200,0,0,1,1
51992,corner.diag,5200,5201,9.999999999990479,9.999999999990479,-1,-1
52002,corner.diag,5201,5202,0,0,1,1
52012,corner.diag,5202,5203,9.999999999990479,9.999999999990479,-1,-1
52022,corner.diag,5203,5204,0,0,1,1
52032,corner.diag,5204,5205,9.999999999990479,9.999999999990479,-1,-1
52042,corner.diag,5205,5206,0,0,1,1
52052,corner.diag,5206,5207,9.999999999990479,9.999999999990479,-1,-1
52062,corner.diag,5207,5208,0,0,1,1
52072,corner.diag,5208,5209,9.999999999990479,9.999999999990479,-1,-1
52082,corner.diag,5209,5210,0,0,1,1
52092,corner.diag,5210,5211,9.999999999990479,9.999999999990479,-1,-1
52102,corner.diag,5211,5212,0,0,1,1
52112,corner.diag,5212,5213,9.999999999990479,9.999999999990479,-1,-1
52122,corner.diag,5213,5214,0,0,1,1
52132,corner.diag,5214,5215,9.999999999990479,9.999999999990479,-1,-1
52142,corner.diag,5215,5216,0,0,1,1
52152,corner.diag,5216,5217,9.999999999990479,9.999999999990479,-1,-1
52162,corner.diag,5217,5218,0,0,1,1
52172,corner.diag,5218,5219,9.999999999990479,9.999999999990479,-1,-1
52182,corner.diag,5219,5220,0,0,1,1
52192,corner.diag,5220,5221,9.999999999990479,9.999999999990479,-1,-1
52202,corner.diag,5221,5222,0,0,1,1
52212,corner.diag,5222,5223,9.999999999990479,9.999999999990479,-1,-1
52222,corner.diag,5223,5224,0,0,1,1
52232,corner.diag,5224,5225,9.999999999990479,9.999999999990479,-1,-1
52242,corner.diag,5225,5226,0,0,1,1
52252,corner.diag,5226,5227,9.999999999990479,9.999999999990479,-1,-1
52262,corner.diag,5227,5228,0,0,1,1
52272,corner.diag,5228,5229,9.999999999990479,9.999999999990479,-1,-1
52282,corner.diag,5229,5230,0,0,1,1
52292,corner.diag,5230,5231,9.999999999990479,9.999999999990479,-1,-1
52302,corner.diag,5231,5232,0,0,1,1
52312,corner.diag,5232,5233,9.999999999990479,9.999999999990479,-1,-1
52322,corner.diag,5233,5234,0,0,1,1
52332,corner.diag,5234,5235,9.999999999990479,9.999999999990479,-1,-1
52342,corner.diag,5235,5236,0,0,1,1
52352,corner.diag,5236,5237,9.999999999990479,9.999999999990479,-1,-1
52362,corner.diag,5237,5238,0,0,1,1
52372,corner.diag,5238,5239,9.999999999990479,9.999999999990479,-1,-1
52382,corner.diag,5239,5240,0,0,1,1
52392,corner.diag,5240,5241,9.999999999990479,9.999999999990479,-1,-1
52402,corner.diag,5241,5242,0,0,1,1
52412,corner.diag,5242,5243,9.999999999990479,9.999999999990479,-1,-1
52422,corner.diag,5243,5244,0,0,1,1
52432,corner.diag,5244,5245,9.999999999990479,9.999999999990479,-1,-1
52442,corner.diag,5245,5246,0,0,1,1
52452,corner.diag,5246,5247,9.999999999990479,9.999999999990479,-1,-1
52462,corner.diag,5247,5248,0,0,1,1
52472,corner.diag,5248,5249,9.999999999990479,9.999999999990479,-1,-1
52482,corner.diag,5249,5250,0,0,1,1
52492,corner.diag,5250,5251,9.999999999990479,9.999999999990479,-1,-1
52502,corner.diag,5251,5252,0,0,1,1
52512,corner.diag,5252,5253,9.999999999990479,9.999999999990479,-1,-1
52522,corner.diag,5253,5254,0,0,1,1
52532,corner.diag,5254,5255,9.999999999990479,9.999999999990479,-1,-1
52542,corner.diag,5255,5256,0,0,1,1
52552,corner.diag,5256,5257,9.999999999990479,9.999999999990479,-1,-1
52562,corner.diag,5257,5258,0,0,1,1
52572,corner.diag,5258,5259,9.999999999990479,9.999999999990479,-1,-1
52582,corner.diag,5259,5260,0,0,1,1
52592,corner.diag,5260,5261,9.999999999990479,9.999999999990479,-1,-1
52602,corner.diag,5261,5262,0,0,1,1
52612,corner.diag,5262,5263,9.999999999990479,9.999999999990479,-1,-1
52622,corner.diag,5263,5264,0,0,1,1
52632,corner.diag,5264,5265,9.999999999990479,9.999999999990479,-1,-1
52642,corner.diag,5265,5266,0,0,1,1
52652,corner.diag,5266,5267,9.999999999990479,9.999999999990479,-1,-1
52662,corner.diag,5267,5268,0,0,1,1
52672,corner.diag,5268,5269,9.999999999990479,9.999999999990479,-1,-1
52682,corner.diag,5269,5270,0,0,1,1
52692,corner.diag,5270,5271,9.999999999990479,9.999999999990479,-1,-1
52702,corner.diag,5271,5272,0,0,1,1
52712,corner.diag,5272,5273,9.999999999990479,9.999999999990479,-1,-1
52722,corner.diag,5273,5274,0,0,1,1
52732,corner.diag,5274,5275,9.999999999990479,9.999999999990479,-1,-1
52742,corner.diag,5275,5276,0,0,1,1
52752,corner.diag,5276,5277,9.999999999990479,9.999999999990479,-1,-1
52762,corner.diag,5277,5278,0,0,1,1
52772,corner.diag,5278,5279,9.999999999990479,9.999999999990479,-1,-1
52782,corner.diag,5279,5280,0,0,1,1
52792,corner.diag,5280,5281,9.999999999990479,9.999999999990479,-1,-1
52802,corner.diag,5281,5282,0,0,1,1
52812,corner.diag,5282,5283,9.999999999990479,9.999999999990479,-1,-1
52822,corner.diag,5283,5284,0,0,1,1
52832,corner.diag,5284,5285,9.999999999990479,9.999999999990479,-1,-1
52842,corner.diag,5285,5286,0,0,1,1
52852,corner.diag,5286,5287,9.999999999990479,9.999999999990479,-1,-1
52862,corner.diag,5287,5288,0,0,1,1
52872,corner.diag,5288,5289,9.999999999990479,9.999999999990479,-1,-1
52882,corner.diag,5289,5290,0,0,1,1
52892,corner.diag,5290,5291,9.999999999990479,9.999999999990479,-1,-1
52902,corner.diag,5291,5292,0,0,1,1
52912,corner.diag,5292,5293,9.999999999990479,9.999999999990479,-1,-1
52922,corner.diag,5293,5294,0,0,1,1
52932,corner.diag,5294,5295,9.999999999990479,9.999999999990479,-1,-1
52942,corner.diag,5295,5296,0,0,1,1
52952,corner.diag,5296,5297,9.999999999990479,9.999999999990479,-1,-1
52962,corner.diag,5297,5298,0,0,1,1
52972,corner.diag,5298,5299,9.999999999990479,9.999999999990479,-1,-1
52982,corner.diag,5299,5300,0,0,1,1
52992,corner.diag,5300,5301,9.999999999990479,9.999999999990479,-1,-1
53002,corner.diag,5301,5302,0,0,1,1
53012,corner.diag,5302,5303,9.999999999990479,9.999999999990479,-1,-1
53022,corner.diag,5303,5304,0,0,1,1
53032,corner.diag,5304,5305,9.999999999990479,9.999999999990479,-1,-1
53042,corner.diag,5305,5306,0,0,1,1
53052,corner.diag,5306,5307,9.999999999990479,9.999999999990479,-1,-1
53062,corner.diag,5307,5308,0,0,1,1
53072,corner.diag,5308,5309,9.999999999990479,9.999999999990479,-1,-1
53082,corner.diag,5309,5310,0,0,1,1
53092,corner.diag,5310,5311,9.999999999990479,9.999999999990479,-1,-1
53102,corner.diag,5311,5312,0,0,1,1
53112,corner.diag,5312,5313,9.999999999990479,9.999999999990479,-1,-1
53122,corner.diag,5313,5314,0,0,1,1
53132,corner.diag,5314,5315,9.999999999990479,9.999999999990479,-1,-1
53142,corner.diag,5315,5316,0,0,1,1
53152,corner.diag,5316,5317,9.999999999990479,9.999999999990479,-1,-1
53162,corner.diag,5317,5318,0,0,1,1
53172,corner.diag,5318,5319,9.999999999990479,9.999999999990479,-1,-1
53182,corner.diag,5319,5320,0,0,1,1
53192,corner.diag,5320,5321,9.999999999990479,9.999999999990479,-1,-1
53202,corner.diag,5321,5322,0,0,1,1
53212,corner.diag,5322,5323,9.999999999990479,9.999999999990479,-1,-1
53222,corner.diag,5323,5324,0,0,1,1
53232,corner.diag,5324,5325,9.999999999990479,9.999999999990479,-1,-1
53242,corner.diag,5325,5326,0,0,1,1
53252,corner.diag,5326,5327,9.999999999990479,9.999999999990479,-1,-1
53262,corner.diag,5327,5328,0,0,1,1
53272,corner.diag,5328,5329,9.999999999990479,9.999999999990479,-1,-1
53282,corner.diag,5329,5330,0,0,1,1
53292,corner.diag,5330,5331,9.999999999990479,9.999999999990479,-1,-1
53302,corner.diag,5331,5332,0,0,1,1
53312,corner.diag,5332,5333,9.999999999990479,9.999999999990479,-1,-1
53322,corner.diag,5333,5334,0,0,1,1
53332,corner.diag,5334,5335,9.999999999990479,9.999999999990479,-1,-1
53342,corner.diag,5335,5336,0,0,1,1
53352,corner.diag,5336,5337,9.999999999990479,9.999999999990479,-1,-1
53362,corner.diag,5337,5338,0,0,1,1
53372,corner.diag,5338,5339,9.999999999990479,9.999999999990479,-1,-1
53382,corner.diag,5339,5340,0,0,1,1
53392,corner.diag,5340,5341,9.999999999990479,9.999999999990479,-1,-1
53402,corner.diag,5341,5342,0,0,1,1
53412,corner.diag,5342,5343,9.999999999990479,9.999999999990479,-1,-1
53422,corner.diag,5343,5344,0,0,1,1
53432,corner.diag,5344,5345,9.999999999990479,9.999999999990479,-1,-1
53442,corner.diag,5345,5346,0,0,1,1
53452,corner.diag,5346,5347,9.999999999990479,9.999999999990479,-1,-1
53462,corner.diag,5347,5348,0,0,1,1
53472,corner.diag,5348,5349,9.999999999990479,9.999999999990479,-1,-1
53482,corner.diag,5349,5350,0,0,1,1
53492,corner.diag,5350,5351,9.999999999990479,9.999999999990479,-1,-1
53502,corner.diag,5351,5352,0,0,1,1
53512,corner.diag,5352,5353,9.999999999990479,9.999999999990479,-1,-1
53522,corner.diag,5353,5354,0,0,1,1
53532,corner.diag,5354,5355,9.999999999990479,9.999999999990479,-1,-1
53542,corner.diag,5355,5356,0,0,1,1
53552,corner.diag,5356,5357,9.999999999990479,9.999999999990479,-1,-1
53562,corner.diag,5357,5358,0,0,1,1
53572,corner.diag,5358,5359,9.999999999990479,9.999999999990479,-1,-1
53582,corner.diag,5359,5360,0,0,1,1
53592,corner.diag,5360,5361,9.999999999990479,9.999999999990479,-1,-1
53602,corner.diag,5361,5362,0,0,1,1
53612,corner.diag,5362,5363,9.999999999990479,9.999999999990479,-1,-1
53622,corner.diag,5363,5364,0,0,1,1
53632,corner.diag,5364,5365,9.999999999990479,9.999999999990479,-1,-1
53642,corner.diag,5365,5366,0,0,1,1
53652,corner.diag,5366,5367,9.999999999990479,9.999999999990479,-1,-1
53662,corner.diag,5367,5368,0,0,1,1
53672,corner.diag,5368,5369,9.999999999990479,9.999999999990479,-1,-1
53682,corner.diag,5369,5370,0,0,1,1
53692,corner.diag,5370,5371,9.999999999990479,9.999999999990479,-1,-1
53702,corner.diag,5371,5372,0,0,1,1
53712,corner.diag,5372,5373,9.999999999990479,9.999999999990479,-1,-1
53722,corner.diag,5373,5374,0,0,1,1
53732,corner.diag,5374,5375,9.999999999990479,9.999999999990479,-1,-1
53742,corner.diag,5375,5376,0,0,1,1
53752,corner.diag,5376,5377,9.999999999990479,9.999999999990479,-1,-1
53762,corner.diag,5377,5378,0,0,1,1
53772,corner.diag,5378,5379,9.999999999990479,9.999999999990479,-1,-1
53782,corner.diag,5379,5380,0,0,1,1
53792,corner.diag,5380,5381,9.999999999990479,9.999999999990479,-1,-1
53802,corner.diag,5381,5382,0,0,1,1
53812,corner.diag,5382,5383,9.999999999990479,9.999999999990479,-1,-1
53822,corner.diag,5383,5384,0,0,1,1
53832,corner.diag,5384,5385,9.999999999990479,9.999999999990479,-1,-1
53842,corner.diag,5385,5386,0,0,1,1
53852,corner.diag,5386,5387,9.999999999990479,9.999999999990479,-1,-1
53862,corner.diag,5387,5388,0,0,1,1
53872,corner.diag,5388,5389,9.999999999990479,9.999999999990479,-1,-1
53882,corner.diag,5389,5390,0,0,1,1
53892,corner.diag,5390,5391,9.999999999990479,9.999999999990479,-1,-1
53902,corner.diag,5391,5392,0,0,1,1
53912,corner.diag,5392,5393,9.999999999990479,9.999999999990479,-1,-1
53922,corner.diag,5393,5394,0,0,1,1
53932,corner.diag,5394,5395,9.999999999990479,9.999999999990479,-1,-1
53942,corner.diag,5395,5396,0,0,1,1
53952,corner.diag,5396,5397,9.999999999990479,9.999999999990479,-1,-1
53962,corner.diag,5397,5398,0,0,1,1
53972,corner.diag,5398,5399,9.999999999990479,9.999999999990479,-1,-1
53982,corner.diag,5399,5400,0,0,1,1
53992,corner.diag,5400,5401,9.999999999990479,9.999999999990479,-1,-1
54002,corner.diag,5401,5402,0,0,1,1
54012,corner.diag,5402,5403,9.999999999990479,9.999999999990479,-1,-1
54022,corner.diag,5403,5404,0,0,1,1
54032,corner.diag,5404,5405,9.999999999990479,9.999999999990479,-1,-1
54042,corner.diag,5405,5406,0,0,1,1
54052,corner.diag,5406,5407,9.999999999990479,9.999999999990479,-1,-1
54062,corner.diag,5407,5408,0,0,1,1
54072,corner.diag,5408,5409,9.999999999990479,9.999999999990479,-1,-1
54082,corner.diag,5409,5410,0,0,1,1
54092,corner.diag,5410,5411,9.999999999990479,9.999999999990479,-1,-1
54102,corner.diag,5411,5412,0,0,1,1
54112,corner.diag,5412,5413,9.999999999990479,9.999999999990479,-1,-1
54122,corner.diag,5413,5414,0,0,1,1
54132,corner.diag,5414,5415,9.999999999990479,9.999999999990479,-1,-1
54142,corner.diag,5415,5416,0,0,1,1
54152,corner.diag,5416,5417,9.999999999990479,9.999999999990479,-1,-1
54162,corner.diag,5417,5418,0,0,1,1
54172,corner.diag,5418,5419,9.999999999990479,9.999999999990479,-1,-1
54182,corner.diag,5419,5420,0,0,1,1
54192,corner.diag,5420,5421,9.999999999990479,9.999999999990479,-1,-1
54202,corner.diag,5421,5422,0,0,1,1
54212,corner.diag,5422,5423,9.999999999990479,9.999999999990479,-1,-1
54222,corner.diag,5423,5424,0,0,1,1
54232,corner.diag,5424,5425,9.999999999990479,9.999999999990479,-1,-1
54242,corner.diag,5425,5426,0,0,1,1
54252,corner.diag,5426,5427,9.999999999990479,9.999999999990479,-1,-1
54262,corner.diag,5427,5428,0,0,1,1
54272,corner.diag,5428,5429,9.999999999990479,9.999999999990479,-1,-1
54282,corner.diag,5429,5430,0,0,1,1
54292,corner.diag,5430,5431,9.999999999990479,9.999999999990479,-1,-1
54302,corner.diag,5431,5432,0,0,1,1
54312,corner.diag,5432,5433,9.999999999990479,9.999999999990479,-1,-1
54322,corner.diag,5433,5434,0,0,1,1
54332,corner.diag,5434,5435,9.999999999990479,9.999999999990479,-1,-1
54342,corner.diag,5435,5436,0,0,1,1
54352,corner.diag,5436,5437,9.999999999990479,9.999999999990479,-1,-1
54362,corner.diag,5437,5438,0,0,1,1
54372,corner.diag,5438,5439,9.999999999990479,9.999999999990479,-1,-1
54382,corner.diag,5439,5440,0,0,1,1
54392,corner.diag,5440,5441,9.999999999990479,9.999999999990479,-1,-1
54402,corner.diag,5441,5442,0,0,1,1
54412,corner.diag,5442,5443,9.999999999990479,9.999999999990479,-1,-1
54422,corner.diag,5443,5444,0,0,1,1
54432,corner.diag,5444,5445,9.999999999990479,9.999999999990479,-1,-1
54442,corner.diag,5445,5446,0,0,1,1
54452,corner.diag,5446,5447,9.999999999990479,9.999999999990479,-1,-1
54462,corner.diag,5447,5448,0,0,1,1
54472,corner.diag,5448,5449,9.999999999990479,9.999999999990479,-1,-1
54482,corner.diag,5449,5450,0,0,1,1
54492,corner.diag,5450,5451,9.999999999990479,9.999999999990479,-1,-1
54502,corner.diag,5451,5452,0,0,1,1
54512,corner.diag,5452,5453,9.999999999990479,9.999999999990479,-1,-1
54522,corner.diag,5453,5454,0,0,1,1
54532,corner.diag,5454,5455,9.999999999990479,9.999999999990479,-1,-1
54542,corner.diag,5455,5456,0,0,1,1
54552,corner.diag,5456,5457,9.999999999990479,9.999999999990479,-1,-1
54562,corner.diag,5457,5458,0,0,1,1
54572,corner.diag,5458,5459,9.999999999990479,9.999999999990479,-1,-1
54582,corner.diag,5459,5460,0,0,1,1
54592,corner.diag,5460,5461,9.999999999990479,9.999999999990479,-1,-1
54602,corner.diag,5461,5462,0,0,1,1
54612,corner.diag,5462,5463,9.999999999990479,9.999999999990479,-1,-1
54622,corner.diag,5463,5464,0,0,1,1
54632,corner.diag,5464,5465,9.999999999990479,9.999999999990479,-1,-1
54642,corner.diag,5465,5466,0,0,1,1
54652,corner.diag,5466,5467,9.999999999990479,9.999999999990479,-1,-1
54662,corner.diag,5467,5468,0,0,1,1
54672,corner.diag,5468,5469,9.999999999990479,9.999999999990479,-1,-1
54682,corner.diag,5469,5470,0,0,1,1
54692,corner.diag,5470,5471,9.999999999990479,9.999999999990479,-1,-1
54702,corner.diag,5471,5472,0,0,1,1
54712,corner.diag,5472,5473,9.999999999990479,9.999999999990479,-1,-1
54722,corner.diag,5473,5474,0,0,1,1
54732,corner.diag,5474,5475,9.999999999990479,9.999999999990479,-1,-1
54742,corner.diag,5475,5476,0,0,1,1
54752,corner.diag,5476,5477,9.999999999990479,9.999999999990479,-1,-1
54762,corner.diag,5477,5478,0,0,1,1
54772,corner.diag,5478,5479,9.999999999990479,9.999999999990479,-1,-1
54782,corner.diag,5479,5480,0,0,1,1
54792,corner.diag,5480,5481,9.999999999990479,9.999999999990479,-1,-1
54802,corner.diag,5481,5482,0,0,1,1
54812,corner.diag,5482,5483,9.999999999990479,9.999999999990479,-1,-1
54822,corner.diag,5483,5484,0,0,1,1
54832,corner.diag,5484,5485,9.999999999990479,9.999999999990479,-1,-1
54842,corner.diag,5485,5486,0,0,1,1
54852,corner.diag,5486,5487,9.999999999990479,9.999999999990479,-1,-1
54862,corner.diag,5487,5488,0,0,1,1
54872,corner.diag,5488,5489,9.999999999990479,9.999999999990479,-1,-1
54882,corner.diag,5489,5490,0,0,1,1
54892,corner.diag,5490,5491,9.999999999990479,9.999999999990479,-1,-1
54902,corner.diag,5491,5492,0,0,1,1
54912,corner.diag,5492,5493,9.999999999990479,9.999999999990479,-1,-1
54922,corner.diag,5493,5494,0,0,1,1
54932,corner.diag,5494,5495,9.999999999990479,9.999999999990479,-1,-1
54942,corner.diag,5495,5496,0,0,1,1
54952,corner.diag,5496,5497,9.999999999990479,9.999999999990479,-1,-1
54962,corner.diag,5497,5498,0,0,1,1
54972,corner.diag,5498,5499,9.999999999990479,9.999999999990479,-1,-1
54982,corner.diag,5499,5500,0,0,1,1
54992,corner.diag,5500,5501,9.999999999990479,9.999999999990479,-1,-1
55002,corner.diag,5501,5502,0,0,1,1
55012,corner.diag,5502,5503,9.999999999990479,9.999999999990479,-1,-1
55022,corner.diag,5503,5504,0,0,1,1
55032,corner.diag,5504,5505,9.999999999990479,9.999999999990479,-1,-1
55042,corner.diag,5505,5506,0,0,1,1
55052,corner.diag,5506,5507,9.999999999990479,9.999999999990479,-1,-1
55062,corner.diag,5507,5508,0,0,1,1
55072,corner.diag,5508,5509,9.999999999990479,9.999999999990479,-1,-1
55082,corner.diag,5509,5510,0,0,1,1
55092,corner.diag,5510,5511,9.999999999990479,9.999999999990479,-1,-1
55102,corner.diag,5511,5512,0,0,1,1
55112,corner.diag,5512,5513,9.999999999990479,9.999999999990479,-1,-1
55122,corner.diag,5513,5514,0,0,1,1
55132,corner.diag,5514,5515,9.999999999990479,9.999999999990479,-1,-1
55142,corner.diag,5515,5516,0,0,1,1
55152,corner.diag,5516,5517,9.999999999990479,9.999999999990479,-1,-1
55162,corner.diag,5517,5518,0,0,1,1
55172,corner.diag,5518,5519,9.999999999990479,9.999999999990479,-1,-1
55182,corner.diag,5519,5520,0,0,1,1
55192,corner.diag,5520,5521,9.999999999990479,9.999999999990479,-1,-1
55202,corner.diag,5521,5522,0,0,1,1
55212,corner.diag,5522,5523,9.999999999990479,9.999999999990479,-1,-1
55222,corner.diag,5523,5524,0,0,1,1
55232,corner.diag,5524,5525,9.999999999990479,9.999999999990479,-1,-1
55242,corner.diag,5525,5526,0,0,1,1
55252,corner.diag,5526,5527,9.999999999990479,9.999999999990479,-1,-1
55262,corner.diag,5527,5528,0,0,1,1
55272,corner.diag,5528,5529,9.999999999990479,9.999999999990479,-1,-1
55282,corner.diag,5529,5530,0,0,1,1
55292,corner.diag,5530,5531,9.999999999990479,9.999999999990479,-1,-1
55302,corner.diag,5531,5532,0,0,1,1
55312,corner.diag,5532,5533,9.999999999990479,9.999999999990479,-1,-1
55322,corner.diag,5533,5534,0,0,1,1
55332,corner.diag,5534,5535,9.999999999990479,9.999999999990479,-1,-1
55342,corner.diag,5535,5536,0,0,1,1
55352,corner.diag,5536,5537,9.999999999990479,9.999999999990479,-1,-1
55362,corner.diag,5537,5538,0,0,1,1
55372,corner.diag,5538,5539,9.999999999990479,9.999999999990479,-1,-1
55382,corner.diag,5539,5540,0,0,1,1
55392,corner.diag,5540,5541,9.999999999990479,9.999999999990479,-1,-1
55402,corner.diag,5541,5542,0,0,1,1
55412,corner.diag,5542,5543,9.999999999990479,9.999999999990479,-1,-1
55422,corner.diag,5543,5544,0,0,1,1
55432,corner.diag,5544,5545,9.999999999990479,9.999999999990479,-1,-1
55442,corner.diag,5545,5546,0,0,1,1
55452,corner.diag,5546,5547,9.999999999990479,9.999999999990479,-1,-1
55462,corner.diag,5547,5548,0,0,1,1
55472,corner.diag,5548,5549,9.999999999990479,9.999999999990479,-1,-1
55482,corner.diag,5549,5550,0,0,1,1
55492,corner.diag,5550,5551,9.999999999990479,9.999999999990479,-1,-1
55502,corner.diag,5551,5552,0,0,1,1
55512,corner.diag,5552,5553,9.999999999990479,9.999999999990479,-1,-1
55522,corner.diag,5553,5554,0,0,1,1
55532,corner.diag,5554,5555,9.999999999990479,9.999999999990479,-1,-1
55542,corner.diag,5555,5556,0,0,1,1
55552,corner.diag,5556,5557,9.999999999990479,9.999999999990479,-1,-1
55562,corner.diag,5557,5558,0,0,1,1
55572,corner.diag,5558,5559,9.999999999990479,9.999999999990479,-1,-1
55582,corner.diag,5559,5560,0,0,1,1
55592,corner.diag,5560,5561,9.999999999990479,9.999999999990479,-1,-1
55602,corner.diag,5561,5562,0,0,1,1
55612,corner.diag,5562,5563,9.999999999990479,9.999999999990479,-1,-1
55622,corner.diag,5563,5564,0,0,1,1
55632,corner.diag,5564,5565,9.999999999990479,9.999999999990479,-1,-1
55642,corner.diag,5565,5566,0,0,1,1
55652,corner.diag,5566,5567,9.999999999990479,9.999999999990479,-1,-1
55662,corner.diag,5567,5568,0,0,1,1
55672,corner.diag,5568,5569,9.999999999990479,9.999999999990479,-1,-1
55682,corner.diag,5569,5570,0,0,1,1
55692,corner.diag,5570,5571,9.999999999990479,9.999999999990479,-1,-1
55702,corner.diag,5571,5572,0,0,1,1
55712,corner.diag,5572,5573,9.999999999990479,9.999999999990479,-1,-1
55722,corner.diag,5573,5574,0,0,1,1
55732,corner.diag,5574,5575,9.999999999990479,9.999999999990479,-1,-1
55742,corner.diag,5575,5576,0,0,1,1
55752,corner.diag,5576,5577,9.999999999990479,9.999999999990479,-1,-1
55762,corner.diag,5577,5578,0,0,1,1
55772,corner.diag,5578,5579,9.999999999990479,9.999999999990479,-1,-1
55782,corner.diag,5579,5580,0,0,1,1
55792,corner.diag,5580,5581,9.999999999990479,9.999999999990479,-1,-1
55802,corner.diag,5581,5582,0,0,1,1
55812,corner.diag,5582,5583,9.999999999990479,9.999999999990479,-1,-1
55822,corner.diag,5583,5584,0,0,1,1
55832,corner.diag,5584,5585,9.999999999990479,9.999999999990479,-1,-1
55842,corner.diag,5585,5586,0,0,1,1
55852,corner.diag,5586,5587,9.999999999990479,9.999999999990479,-1,-1
55862,corner.diag,5587,5588,0,0,1,1
55872,corner.diag,5588,5589,9.999999999990479,9.999999999990479,-1,-1
55882,corner.diag,5589,5590,0,0,1,1
55892,corner.diag,5590,5591,9.999999999990479,9.999999999990479,-1,-1
55902,corner.diag,5591,5592,0,0,1,1
55912,corner.diag,5592,5593,9.999999999990479,9.999999999990479,-1,-1
55922,corner.diag,5593,5594,0,0,1,1
55932,corner.diag,5594,5595,9.999999999990479,9.999999999990479,-1,-1
55942,corner.diag,5595,5596,0,0,1,1
55952,corner.diag,5596,5597,9.999999999990479,9.999999999990479,-1,-1
55962,corner.diag,5597,5598,0,0,1,1
55972,corner.diag,5598,5599,9.999999999990479,9.999999999990479,-1,-1
55982,corner.diag,5599,5600,0,0,1,1
55992,corner.diag,5600,5601,9.999999999990479,9.999999999990479,-1,-1
56002,corner.diag,5601,5602,0,0,1,1
56012,corner.diag,5602,5603,9.999999999990479,9.999999999990479,-1,-1
56022,corner.diag,5603,5604,0,0,1,1
56032,corner.diag,5604,5605,9.999999999990479,9.999999999990479,-1,-1
56042,corner.diag,5605,5606,0,0,1,1
56052,corner.diag,5606,5607,9.999999999990479,9.999999999990479,-1,-1
56062,corner.diag,5607,5608,0,0,1,1
56072,corner.diag,5608,5609,9.999999999990479,9.999999999990479,-1,-1
56082,corner.diag,5609,5610,0,0,1,1
56092,corner.diag,5610,5611,9.999999999990479,9.999999999990479,-1,-1
56102,corner.diag,5611,5612,0,0,1,1
56112,corner.diag,5612,5613,9.999999999990479,9.999999999990479,-1,-1
56122,corner.diag,5613,5614,0,0,1,1
56132,corner.diag,5614,5615,9.999999999990479,9.999999999990479,-1,-1
56142,corner.diag,5615,5616,0,0,1,1
56152,corner.diag,5616,5617,9.999999999990479,9.999999999990479,-1,-1
56162,corner.diag,5617,5618,0,0,1,1
56172,corner.diag,5618,5619,9.999999999990479,9.999999999990479,-1,-1
56182,corner.diag,5619,5620,0,0,1,1
56192,corner.diag,5620,5621,9.999999999990479,9.999999999990479,-1,-1
56202,corner.diag,5621,5622,0,0,1,1
56212,corner.diag,5622,5623,9.999999999990479,9.999999999990479,-1,-1
56222,corner.diag,5623,5624,0,0,1,1
56232,corner.diag,5624,5625,9.999999999990479,9.999999999990479,-1,-1
56242,corner.diag,5625,5626,0,0,1,1
56252,corner.diag,5626,5627,9.999999999990479,9.999999999990479,-1,-1
56262,corner.diag,5627,5628,0,0,1,1
56272,corner.diag,5628,5629,9.999999999990479,9.999999999990479,-1,-1
56282,corner.diag,5629,5630,0,0,1,1
56292,corner.diag,5630,5631,9.999999999990479,9.999999999990479,-1,-1
56302,corner.diag,5631,5632,0,0,1,1
56312,corner.diag,5632,5633,9.999999999990479,9.999999999990479,-1,-1
56322,corner.diag,5633,5634,0,0,1,1
56332,corner.diag,5634,5635,9.999999999990479,9.999999999990479,-1,-1
56342,corner.diag,5635,5636,0,0,1,1
56352,corner.diag,5636,5637,9.999999999990479,9.999999999990479,-1,-1
56362,corner.diag,5637,5638,0,0,1,1
56372,corner.diag,5638,5639,9.999999999990479,9.999999999990479,-1,-1
56382,corner.diag,5639,5640,0,0,1,1
56392,corner.diag,5640,5641,9.999999999990479,9.999999999990479,-1,-1
56402,corner.diag,5641,5642,0,0,1,1
56412,corner.diag,5642,5643,9.999999999990479,9.999999999990479,-1,-1
56422,corner.diag,5643,5644,0,0,1,1
56432,corner.diag,5644,5645,9.999999999990479,9.999999999990479,-1,-1
56442,corner.diag,5645,5646,0,0,1,1
56452,corner.diag,5646,5647,9.999999999990479,9.999999999990479,-1,-1
56462,corner.diag,5647,5648,0,0,1,1
56472,corner.diag,5648,5649,9.999999999990479,9.999999999990479,-1,-1
56482,corner.diag,5649,5650,0,0,1,1
56492,corner.diag,5650,5651,9.999999999990479,9.999999999990479,-1,-1
56502,corner.diag,5651,5652,0,0,1,1
56512,corner.diag,5652,5653,9.999999999990479,9.999999999990479,-1,-1
56522,corner.diag,5653,5654,0,0,1,1
56532,corner.diag,5654,5655,9.999999999990479,9.999999999990479,-1,-1
56542,corner.diag,5655,5656,0,0,1,1
56552,corner.diag,5656,5657,9.999999999990479,9.999999999990479,-1,-1
56562,corner.diag,5657,5658,0,0,1,1
56572,corner.diag,5658,5659,9.999999999990479,9.999999999990479,-1,-1
56582,corner.diag,5659,5660,0,0,1,1
56592,corner.diag,5660,5661,9.999999999990479,9.999999999990479,-1,-1
56602,corner.diag,5661,5662,0,0,1,1
56612,corner.diag,5662,5663,9.999999999990479,9.999999999990479,-1,-1
56622,corner.diag,5663,5664,0,0,1,1
56632,corner.diag,5664,5665,9.999999999990479,9.999999999990479,-1,-1
56642,corner.diag,5665,5666,0,0,1,1
56652,corner.diag,5666,5667,9.999999999990479,9.999999999990479,-1,-1
56662,corner.diag,5667,5668,0,0,1,1
56672,corner.diag,5668,5669,9.999999999990479,9.999999999990479,-1,-1
56682,corner.diag,5669,5670,0,0,1,1
56692,corner.diag,5670,5671,9.999999999990479,9.999999999990479,-1,-1
56702,corner.diag,5671,5672,0,0,1,1
56712,corner.diag,5672,5673,9.999999999990479,9.999999999990479,-1,-1
56722,corner.diag,5673,5674,0,0,1,1
56732,corner.diag,5674,5675,9.999999999990479,9.999999999990479,-1,-1
56742,corner.diag,5675,5676,0,0,1,1
56752,corner.diag,5676,5677,9.999999999990479,9.999999999990479,-1,-1
56762,corner.diag,5677,5678,0,0,1,1
56772,corner.diag,5678,5679,9.999999999990479,9.999999999990479,-1,-1
56782,corner.diag,5679,5680,0,0,1,1
56792,corner.diag,5680,5681,9.999999999990479,9.999999999990479,-1,-1
56802,corner.diag,5681,5682,0,0,1,1
56812,corner.diag,5682,5683,9.999999999990479,9.999999999990479,-1,-1
56822,corner.diag,5683,5684,0,0,1,1
56832,corner.diag,5684,5685,9.999999999990479,9.999999999990479,-1,-1
56842,corner.diag,5685,5686,0,0,1,1
56852,corner.diag,5686,5687,9.999999999990479,9.999999999990479,-1,-1
56862,corner.diag,5687,5688,0,0,1,1
56872,corner.diag,5688,5689,9.999999999990479,9.999999999990479,-1,-1
56882,corner.diag,5689,5690,0,0,1,1
56892,corner.diag,5690,5691,9.999999999990479,9.999999999990479,-1,-1
56902,corner.diag,5691,5692,0,0,1,1
56912,corner.diag,5692,5693,9.999999999990479,9.999999999990479,-1,-1
56922,corner.diag,5693,5694,0,0,1,1
56932,corner.diag,5694,5695,9.999999999990479,9.999999999990479,-1,-1
56942,corner.diag,5695,5696,0,0,1,1
56952,corner.diag,5696,5697,9.999999999990479,9.999999999990479,-1,-1
56962,corner.diag,5697,5698,0,0,1,1
56972,corner.diag,5698,5699,9.999999999990479,9.999999999990479,-1,-1
56982,corner.diag,5699,5700,0,0,1,1
56992,corner.diag,5700,5701,9.999999999990479,9.999999999990479,-1,-1
57002,corner.diag,5701,5702,0,0,1,1
57012,corner.diag,5702,5703,9.999999999990479,9.999999999990479,-1,-1
57022,corner.diag,5703,5704,0,0,1,1
57032,corner.diag,5704,5705,9.999999999990479,9.999999999990479,-1,-1
57042,corner.diag,5705,5706,0,0,1,1
57052,corner.diag,5706,5707,9.999999999990479,9.999999999990479,-1,-1
57062,corner.diag,5707,5708,0,0,1,1
57072,corner.diag,5708,5709,9.999999999990479,9.999999999990479,-1,-1
57082,corner.diag,5709,5710,0,0,1,1
57092,corner.diag,5710,5711,9.999999999990479,9.999999999990479,-1,-1
57102,corner.diag,5711,5712,0,0,1,1
57112,corner.diag,5712,5713,9.999999999990479,9.999999999990479,-1,-1
57122,corner.diag,5713,5714,0,0,1,1
57132,corner.diag,5714,5715,9.999999999990479,9.999999999990479,-1,-1
57142,corner.diag,5715,5716,0,0,1,1
57152,corner.diag,5716,5717,9.999999999990479,9.999999999990479,-1,-1
57162,corner.diag,5717,5718,0,0,1,1
57172,corner.diag,5718,5719,9.999999999990479,9.999999999990479,-1,-1
57182,corner.diag,5719,5720,0,0,1,1
57192,corner.diag,5720,5721,9.999999999990479,9.999999999990479,-1,-1
57202,corner.diag,5721,5722,0,0,1,1
57212,corner.diag,5722,5723,9.999999999990479,9.999999999990479,-1,-1
57222,corner.diag,5723,5724,0,0,1,1
57232,corner.diag,5724,5725,9.999999999990479,9.999999999990479,-1,-1
57242,corner.diag,5725,5726,0,0,1,1
57252,corner.diag,5726,5727,9.999999999990479,9.999999999990479,-1,-1
57262,corner.diag,5727,5728,0,0,1,1
57272,corner.diag,5728,5729,9.999999999990479,9.999999999990479,-1,-1
57282,corner.diag,5729,5730,0,0,1,1
57292,corner.diag,5730,5731,9.999999999990479,9.999999999990479,-1,-1
57302,corner.diag,5731,5732,0,0,1,1
57312,corner.diag,5732,5733,9.999999999990479,9.999999999990479,-1,-1
57322,corner.diag,5733,5734,0,0,1,1
57332,corner.diag,5734,5735,9.999999999990479,9.999999999990479,-1,-1
57342,corner.diag,5735,5736,0,0,1,1
57352,corner.diag,5736,5737,9.999999999990479,9.999999999990479,-1,-1
57362,corner.diag,5737,5738,0,0,1,1
57372,corner.diag,5738,5739,9.999999999990479,9.999999999990479,-1,-1
57382,corner.diag,5739,5740,0,0,1,1
57392,corner.diag,5740,5741,9.999999999990479,9.999999999990479,-1,-1
57402,corner.diag,5741,5742,0,0,1,1
57412,corner.diag,5742,5743,9.999999999990479,9.999999999990479,-1,-1
57422,corner.diag,5743,5744,0,0,1,1
57432,corner.diag,5744,5745,9.999999999990479,9.999999999990479,-1,-1
57442,corner.diag,5745,5746,0,0,1,1
57452,corner.diag,5746,5747,9.999999999990479,9.999999999990479,-1,-1
57462,corner.diag,5747,5748,0,0,1,1
57472,corner.diag,5748,5749,9.999999999990479,9.999999999990479,-1,-1
57482,corner.diag,5749,5750,0,0,1,1
57492,corner.diag,5750,5751,9.999999999990479,9.999999999990479,-1,-1
57502,corner.diag,5751,5752,0,0,1,1
57512,corner.diag,5752,5753,9.999999999990479,9.999999999990479,-1,-1
57522,corner.diag,5753,5754,0,0,1,1
57532,corner.diag,5754,5755,9.999999999990479,9.999999999990479,-1,-1
57542,corner.diag,5755,5756,0,0,1,1
57552,corner.diag,5756,5757,9.999999999990479,9.999999999990479,-1,-1
57562,corner.diag,5757,5758,0,0,1,1
57572,corner.diag,5758,5759,9.999999999990479,9.999999999990479,-1,-1
57582,corner.diag,5759,5760,0,0,1,1
57592,corner.diag,5760,5761,9.999999999990479,9.999999999990479,-1,-1
57602,corner.diag,5761,5762,0,0,1,1
57612,corner.diag,5762,5763,9.999999999990479,9.999999999990479,-1,-1
57622,corner.diag,5763,5764,0,0,1,1
57632,corner.diag,5764,5765,9.999999999990479,9.999999999990479,-1,-1
57642,corner.diag,5765,5766,0,0,1,1
57652,corner.diag,5766,5767,9.999999999990479,9.999999999990479,-1,-1
57662,corner.diag,5767,5768,0,0,1,1
57672,corner.diag,5768,5769,9.999999999990479,9.999999999990479,-1,-1
57682,corner.diag,5769,5770,0,0,1,1
57692,corner.diag,5770,5771,9.999999999990479,9.999999999990479,-1,-1
57702,corner.diag,5771,5772,0,0,1,1
57712,corner.diag,5772,5773,9.999999999990479,9.999999999990479,-1,-1
57722,corner.diag,5773,5774,0,0,1,1
57732,corner.diag,5774,5775,9.999999999990479,9.999999999990479,-1,-1
57742,corner.diag,5775,5776,0,0,1,1
57752,corner.diag,5776,5777,9.999999999990479,9.999999999990479,-1,-1
57762,corner.diag,5777,5778,0,0,1,1
57772,corner.diag,5778,5779,9.999999999990479,9.999999999990479,-1,-1
57782,corner.diag,5779,5780,0,0,1,1
57792,corner.diag,5780,5781,9.999999999990479,9.999999999990479,-1,-1
57802,corner.diag,5781,5782,0,0,1,1
57812,corner.diag,5782,5783,9.999999999990479,9.999999999990479,-1,-1
57822,corner.diag,5783,5784,0,0,1,1
57832,corner.diag,5784,5785,9.999999999990479,9.999999999990479,-1,-1
57842,corner.diag,5785,5786,0,0,1,1
57852,corner.diag,5786,5787,9.999999999990479,9.999999999990479,-1,-1
57862,corner.diag,5787,5788,0,0,1,1
57872,corner.diag,5788,5789,9.999999999990479,9.999999999990479,-1,-1
57882,corner.diag,5789,5790,0,0,1,1
57892,corner.diag,5790,5791,9.999999999990479,9.999999999990479,-1,-1
57902,corner.diag,5791,5792,0,0,1,1
57912,corner.diag,5792,5793,9.999999999990479,9.999999999990479,-1,-1
57922,corner.diag,5793,5794,0,0,1,1
57932,corner.diag,5794,5795,9.999999999990479,9.999999999990479,-1,-1
57942,corner.diag,5795,5796,0,0,1,1
57952,corner.diag,5796,5797,9.999999999990479,9.999999999990479,-1,-1
57962,corner.diag,5797,5798,0,0,1,1
57972,corner.diag,5798,5799,9.999999999990479,9.999999999990479,-1,-1
57982,corner.diag,5799,5800,0,0,1,1
57992,corner.diag,5800,5801,9.999999999990479,9.999999999990479,-1,-1
58002,corner.diag,5801,5802,0,0,1,1
58012,corner.diag,5802,5803,9.999999999990479,9.999999999990479,-1,-1
58022,corner.diag,5803,5804,0,0,1,1
58032,corner.diag,5804,5805,9.999999999990479,9.999999999990479,-1,-1
58042,corner.diag,5805,5806,0,0,1,1
58052,corner.diag,5806,5807,9.999999999990479,9.999999999990479,-1,-1
58062,corner.diag,5807,5808,0,0,1,1
58072,corner.diag,5808,5809,9.999999999990479,9.999999999990479,-1,-1
58082,corner.diag,5809,5810,0,0,1,1
58092,corner.diag,5810,5811,9.999999999990479,9.999999999990479,-1,-1
58102,corner.diag,5811,5812,0,0,1,1
58112,corner.diag,5812,5813,9.999999999990479,9.999999999990479,-1,-1
58122,corner.diag,5813,5814,0,0,1,1
58132,corner.diag,5814,5815,9.999999999990479,9.999999999990479,-1,-1
58142,corner.diag,5815,5816,0,0,1,1
58152,corner.diag,5816,5817,9.999999999990479,9.999999999990479,-1,-1
58162,corner.diag,5817,5818,0,0,1,1
58172,corner.diag,5818,5819,9.999999999990479,9.999999999990479,-1,-1
58182,corner.diag,5819,5820,0,0,1,1
58192,corner.diag,5820,5821,9.999999999990479,9.999999999990479,-1,-1
58202,corner.diag,5821,5822,0,0,1,1
58212,corner.diag,5822,5823,9.999999999990479,9.999999999990479,-1,-1
58222,corner.diag,5823,5824,0,0,1,1
58232,corner.diag,5824,5825,9.999999999990479,9.999999999990479,-1,-1
58242,corner.diag,5825,5826,0,0,1,1
58252,corner.diag,5826,5827,9.999999999990479,9.999999999990479,-1,-1
58262,corner.diag,5827,5828,0,0,1,1
58272,corner.diag,5828,5829,9.999999999990479,9.999999999990479,-1,-1
58282,corner.diag,5829,5830,0,0,1,1
58292,corner.diag,5830,5831,9.999999999990479,9.999999999990479,-1,-1
58302,corner.diag,5831,5832,0,0,1,1
58312,corner.diag,5832,5833,9.999999999990479,9.999999999990479,-1,-1
58322,corner.diag,5833,5834,0,0,1,1
58332,corner.diag,5834,5835,9.999999999990479,9.999999999990479,-1,-1
58342,corner.diag,5835,5836,0,0,1,1
58352,corner.diag,5836,5837,9.999999999990479,9.999999999990479,-1,-1
58362,corner.diag,5837,5838,0,0,1,1
58372,corner.diag,5838,5839,9.999999999990479,9.999999999990479,-1,-1
58382,corner.diag,5839,5840,0,0,1,1
58392,corner.diag,5840,5841,9.999999999990479,9.999999999990479,-1,-1
58402,corner.diag,5841,5842,0,0,1,1
58412,corner.diag,5842,5843,9.999999999990479,9.999999999990479,-1,-1
58422,corner.diag,5843,5844,0,0,1,1
58432,corner.diag,5844,5845,9.999999999990479,9.999999999990479,-1,-1
58442,corner.diag,5845,5846,0,0,1,1
58452,corner.diag,5846,5847,9.999999999990479,9.999999999990479,-1,-1
58462,corner.diag,5847,5848,0,0,1,1
58472,corner.diag,5848,5849,9.999999999990479,9.999999999990479,-1,-1
58482,corner.diag,5849,5850,0,0,1,1
58492,corner.diag,5850,5851,9.999999999990479,9.999999999990479,-1,-1
58502,corner.diag,5851,5852,0,0,1,1
58512,corner.diag,5852,5853,9.999999999990479,9.999999999990479,-1,-1
58522,corner.diag,5853,5854,0,0,1,1
58532,corner.diag,5854,5855,9.999999999990479,9.999999999990479,-1,-1
58542,corner.diag,5855,5856,0,0,1,1
58552,corner.diag,5856,5857,9.999999999990479,9.999999999990479,-1,-1
58562,corner.diag,5857,5858,0,0,1,1
58572,corner.diag,5858,5859,9.999999999990479,9.999999999990479,-1,-1
58582,corner.diag,5859,5860,0,0,1,1
58592,corner.diag,5860,5861,9.999999999990479,9.999999999990479,-1,-1
58602,corner.diag,5861,5862,0,0,1,1
58612,corner.diag,5862,5863,9.999999999990479,9.999999999990479,-1,-1
58622,corner.diag,5863,5864,0,0,1,1
58632,corner.diag,5864,5865,9.999999999990479,9.999999999990479,-1,-1
58642,corner.diag,5865,5866,0,0,1,1
58652,corner.diag,5866,5867,9.999999999990479,9.999999999990479,-1,-1
58662,corner.diag,5867,5868,0,0,1,1
58672,corner.diag,5868,5869,9.999999999990479,9.999999999990479,-1,-1
58682,corner.diag,5869,5870,0,0,1,1
58692,corner.diag,5870,5871,9.999999999990479,9.999999999990479,-1,-1
58702,corner.diag,5871,5872,0,0,1,1
58712,corner.diag,5872,5873,9.999999999990479,9.999999999990479,-1,-1
58722,corner.diag,5873,5874,0,0,1,1
58732,corner.diag,5874,5875,9.999999999990479,9.999999999990479,-1,-1
58742,corner.diag,5875,5876,0,0,1,1
58752,corner.diag,5876,5877,9.999999999990479,9.999999999990479,-1,-1
58762,corner.diag,5877,5878,0,0,1,1
58772,corner.diag,5878,5879,9.999999999990479,9.999999999990479,-1,-1
58782,corner.diag,5879,5880,0,0,1,1
58792,corner.diag,5880,5881,9.999999999990479,9.999999999990479,-1,-1
58802,corner.diag,5881,5882,0,0,1,1
58812,corner.diag,5882,5883,9.999999999990479,9.999999999990479,-1,-1
58822,corner.diag,5883,5884,0,0,1,1
58832,corner.diag,5884,5885,9.999999999990479,9.999999999990479,-1,-1
58842,corner.diag,5885,5886,0,0,1,1
58852,corner.diag,5886,5887,9.999999999990479,9.999999999990479,-1,-1
58862,corner.diag,5887,5888,0,0,1,1
58872,corner.diag,5888,5889,9.999999999990479,9.999999999990479,-1,-1
58882,corner.diag,5889,5890,0,0,1,1
58892,corner.diag,5890,5891,9.999999999990479,9.999999999990479,-1,-1
58902,corner.diag,5891,5892,0,0,1,1
58912,corner.diag,5892,5893,9.999999999990479,9.999999999990479,-1,-1
58922,corner.diag,5893,5894,0,0,1,1
58932,corner.diag,5894,5895,9.999999999990479,9.999999999990479,-1,-1
58942,corner.diag,5895,5896,0,0,1,1
58952,corner.diag,5896,5897,9.999999999990479,9.999999999990479,-1,-1
58962,corner.diag,5897,5898,0,0,1,1
58972,corner.diag,5898,5899,9.999999999990479,9.999999999990479,-1,-1
58982,corner.diag,5899,5900,0,0,1,1
58992,corner.diag,5900,5901,9.999999999990479,9.999999999990479,-1,-1
59002,corner.diag,5901,5902,0,0,1,1
59012,corner.diag,5902,5903,9.999999999990479,9.999999999990479,-1,-1
59022,corner.diag,5903,5904,0,0,1,1
59032,corner.diag,5904,5905,9.999999999990479,9.999999999990479,-1,-1
59042,corner.diag,5905,5906,0,0,1,1
59052,corner.diag,5906,5907,9.999999999990479,9.999999999990479,-1,-1
59062,corner.diag,5907,5908,0,0,1,1
59072,corner.diag,5908,5909,9.999999999990479,9.999999999990479,-1,-1
59082,corner.diag,5909,5910,0,0,1,1
59092,corner.diag,5910,5911,9.999999999990479,9.999999999990479,-1,-1
59102,corner.diag,5911,5912,0,0,1,1
59112,corner.diag,5912,5913,9.999999999990479,9.999999999990479,-1,-1
59122,corner.diag,5913,5914,0,0,1,1
59132,corner.diag,5914,5915,9.999999999990479,9.999999999990479,-1,-1
59142,corner.diag,5915,5916,0,0,1,1
59152,corner.diag,5916,5917,9.999999999990479,9.999999999990479,-1,-1
59162,corner.diag,5917,5918,0,0,1,1
59172,corner.diag,5918,5919,9.999999999990479,9.999999999990479,-1,-1
59182,corner.diag,5919,5920,0,0,1,1
59192,corner.diag,5920,5921,9.999999999990479,9.999999999990479,-1,-1
59202,corner.diag,5921,5922,0,0,1,1
59212,corner.diag,5922,5923,9.999999999990479,9.999999999990479,-1,-1
59222,corner.diag,5923,5924,0,0,1,1
59232,corner.diag,5924,5925,9.999999999990479,9.999999999990479,-1,-1
59242,corner.diag,5925,5926,0,0,1,1
59252,corner.diag,5926,5927,9.999999999990479,9.999999999990479,-1,-1
59262,corner.diag,5927,5928,0,0,1,1
59272,corner.diag,5928,5929,9.999999999990479,9.999999999990479,-1,-1
59282,corner.diag,5929,5930,0,0,1,1
59292,corner.diag,5930,5931,9.999999999990479,9.999999999990479,-1,-1
59302,corner.diag,5931,5932,0,0,1,1
59312,corner.diag,5932,5933,9.999999999990479,9.999999999990479,-1,-1
59322,corner.diag,5933,5934,0,0,1,1
59332,corner.diag,5934,5935,9.999999999990479,9.999999999990479,-1,-1
59342,corner.diag,5935,5936,0,0,1,1
59352,corner.diag,5936,5937,9.999999999990479,9.999999999990479,-1,-1
59362,corner.diag,5937,5938,0,0,1,1
59372,corner.diag,5938,5939,9.999999999990479,9.999999999990479,-1,-1
59382,corner.diag,5939,5940,0,0,1,1
59392,corner.diag,5940,5941,9.999999999990479,9.999999999990479,-1,-1
59402,corner.diag,5941,5942,0,0,1,1
59412,corner.diag,5942,5943,9.999999999990479,9.999999999990479,-1,-1
59422,corner.diag,5943,5944,0,0,1,1
59432,corner.diag,5944,5945,9.999999999990479,9.999999999990479,-1,-1
59442,corner.diag,5945,5946,0,0,1,1
59452,corner.diag,5946,5947,9.999999999990479,9.999999999990479,-1,-1
59462,corner.diag,5947,5948,0,0,1,1
59472,corner.diag,5948,5949,9.999999999990479,9.999999999990479,-1,-1
59482,corner.diag,5949,5950,0,0,1,1
59492,corner.diag,5950,5951,9.999999999990479,9.999999999990479,-1,-1
59502,corner.diag,5951,5952,0,0,1,1
59512,corner.diag,5952,5953,9.999999999990479,9.999999999990479,-1,-1
59522,corner.diag,5953,5954,0,0,1,1
59532,corner.diag,5954,5955,9.999999999990479,9.999999999990479,-1,-1
59542,corner.diag,5955,5956,0,0,1,1
59552,corner.diag,5956,5957,9.999999999990479,9.999999999990479,-1,-1
59562,corner.diag,5957,5958,0,0,1,1
59572,corner.diag,5958,5959,9.999999999990479,9.999999999990479,-1,-1
59582,corner.diag,5959,5960,0,0,1,1
59592,corner.diag,5960,5961,9.999999999990479,9.999999999990479,-1,-1
59602,corner.diag,5961,5962,0,0,1,1
59612,corner.diag,5962,5963,9.999999999990479,9.999999999990479,-1,-1
59622,corner.diag,5963,5964,0,0,1,1
59632,corner.diag,5964,5965,9.999999999990479,9.999999999990479,-1,-1
59642,corner.diag,5965,5966,0,0,1,1
59652,corner.diag,5966,5967,9.999999999990479,9.999999999990479,-1,-1
59662,corner.diag,5967,5968,0,0,1,1
59672,corner.diag,5968,5969,9.999999999990479,9.999999999990479,-1,-1
59682,corner.diag,5969,5970,0,0,1,1
59692,corner.diag,5970,5971,9.999999999990479,9.999999999990479,-1,-1
59702,corner.diag,5971,5972,0,0,1,1
59712,corner.diag,5972,5973,9.999999999990479,9.999999999990479,-1,-1
59722,corner.diag,5973,5974,0,0,1,1
59732,corner.diag,5974,5975,9.999999999990479,9.999999999990479,-1,-1
59742,corner.diag,5975,5976,0,0,1,1
59752,corner.diag,5976,5977,9.999999999990479,9.999999999990479,-1,-1
59762,corner.diag,5977,5978,0,0,1,1
59772,corner.diag,5978,5979,9.999999999990479,9.999999999990479,-1,-1
59782,corner.diag,5979,5980,0,0,1,1
59792,corner.diag,5980,5981,9.999999999990479,9.999999999990479,-1,-1
59802,corner.diag,5981,5982,0,0,1,1
59812,corner.diag,5982,5983,9.999999999990479,9.999999999990479,-1,-1
59822,corner.diag,5983,5984,0,0,1,1
59832,corner.diag,5984,5985,9.999999999990479,9.999999999990479,-1,-1
59842,corner.diag,5985,5986,0,0,1,1
59852,corner.diag,5986,5987,9.999999999990479,9.999999999990479,-1,-1
59862,corner.diag,5987,5988,0,0,1,1
59872,corner.diag,5988,5989,9.999999999990479,9.999999999990479,-1,-1
59882,corner.diag,5989,5990,0,0,1,1
59892,corner.diag,5990,5991,9.999999999990479,9.999999999990479,-1,-1
59902,corner.diag,5991,5992,0,0,1,1
59912,corner.diag,5992,5993,9.999999999990479,9.999999999990479,-1,-1
59922,corner.diag,5993,5994,0,0,1,1
59932,corner.diag,5994,5995,9.999999999990479,9.999999999990479,-1,-1
59942,corner.diag,5995,5996,0,0,1,1
59952,corner.diag,5996,5997,9.999999999990479,9.999999999990479,-1,-1
59962,corner.diag,5997,5998,0,0,1,1
59972,corner.diag,5998,5999,9.999999999990479,9.999999999990479,-1,-1
59982,corner.diag,5999,6000,0,0,1,1
59992,corner.diag,6000,6001,9.999999999990479,9.999999999990479,-1,-1
60002,corner.diag,6001,6002,0,0,1,1
60012,corner.diag,6002,6003,9.999999999990479,9.999999999990479,-1,-1
60022,corner.diag,6003,6004,0,0,1,1
60032,corner.diag,6004,6005,9.999999999990479,9.999999999990479,-1,-1
60042,corner.diag,6005,6006,0,0,1,1
60052,corner.diag,6006,6007,9.999999999990479,9.999999999990479,-1,-1
60062,corner.diag,6007,6008,0,0,1,1
60072,corner.diag,6008,6009,9.999999999990479,9.999999999990479,-1,-1
60082,corner.diag,6009,6010,0,0,1,1
60092,corner.diag,6010,6011,9.999999999990479,9.999999999990479,-1,-1
60102,corner.diag,6011,6012,0,0,1,1
60112,corner.diag,6012,6013,9.999999999990479,9.999999999990479,-1,-1
60122,corner.diag,6013,6014,0,0,1,1
60132,corner.diag,6014,6015,9.999999999990479,9.999999999990479,-1,-1
60142,corner.diag,6015,6016,0,0,1,1
60152,corner.diag,6016,6017,9.999999999990479,9.999999999990479,-1,-1
60162,corner.diag,6017,6018,0,0,1,1
60172,corner.diag,6018,6019,9.999999999990479,9.999999999990479,-1,-1
60182,corner.diag,6019,6020,0,0,1,1
60192,corner.diag,6020,6021,9.999999999990479,9.999999999990479,-1,-1
60202,corner.diag,6021,6022,0,0,1,1
60212,corner.diag,6022,6023,9.999999999990479,9.999999999990479,-1,-1
60222,corner.diag,6023,6024,0,0,1,1
60232,corner.diag,6024,6025,9.999999999990479,9.999999999990479,-1,-1
60242,corner.diag,6025,6026,0,0,1,1
60252,corner.diag,6026,6027,9.999999999990479,9.999999999990479,-1,-1
60262,corner.diag,6027,6028,0,0,1,1
60272,corner.diag,6028,6029,9.999999999990479,9.999999999990479,-1,-1
60282,corner.diag,6029,6030,0,0,1,1
60292,corner.diag,6030,6031,9.999999999990479,9.999999999990479,-1,-1
60302,corner.diag,6031,6032,0,0,1,1
60312,corner.diag,6032,6033,9.999999999990479,9.999999999990479,-1,-1
60322,corner.diag,6033,6034,0,0,1,1
60332,corner.diag,6034,6035,9.999999999990479,9.999999999990479,-1,-1
60342,corner.diag,6035,6036,0,0,1,1
60352,corner.diag,6036,6037,9.999999999990479,9.999999999990479,-1,-1
60362,corner.diag,6037,6038,0,0,1,1
60372,corner.diag,6038,6039,9.999999999990479,9.999999999990479,-1,-1
60382,corner.diag,6039,6040,0,0,1,1
60392,corner.diag,6040,6041,9.999999999990479,9.999999999990479,-1,-1
60402,corner.diag,6041,6042,0,0,1,1
60412,corner.diag,6042,6043,9.999999999990479,9.999999999990479,-1,-1
60422,corner.diag,6043,6044,0,0,1,1
60432,corner.diag,6044,6045,9.999999999990479,9.999999999990479,-1,-1
60442,corner.diag,6045,6046,0,0,1,1
60452,corner.diag,6046,6047,9.999999999990479,9.999999999990479,-1,-1
60462,corner.diag,6047,6048,0,0,1,1
60472,corner.diag,6048,6049,9.999999999990479,9.999999999990479,-1,-1
60482,corner.diag,6049,6050,0,0,1,1
60492,corner.diag,6050,6051,9.999999999990479,9.999999999990479,-1,-1
60502,corner.diag,6051,6052,0,0,1,1
60512,corner.diag,6052,6053,9.999999999990479,9.999999999990479,-1,-1
60522,corner.diag,6053,6054,0,0,1,1
60532,corner.diag,6054,6055,9.999999999990479,9.999999999990479,-1,-1
60542,corner.diag,6055,6056,0,0,1,1
60552,corner.diag,6056,6057,9.999999999990479,9.999999999990479,-1,-1
60562,corner.diag,6057,6058,0,0,1,1
60572,corner.diag,6058,6059,9.999999999990479,9.999999999990479,-1,-1
60582,corner.diag,6059,6060,0,0,1,1
60592,corner.diag,6060,6061,9.999999999990479,9.999999999990479,-1,-1
60602,corner.diag,6061,6062,0,0,1,1
60612,corner.diag,6062,6063,9.999999999990479,9.999999999990479,-1,-1
60622,corner.diag,6063,6064,0,0,1,1
60632,corner.diag,6064,6065,9.999999999990479,9.999999999990479,-1,-1
60642,corner.diag,6065,6066,0,0,1,1
60652,corner.diag,6066,6067,9.999999999990479,9.999999999990479,-1,-1
60662,corner.diag,6067,6068,0,0,1,1
60672,corner.diag,6068,6069,9.999999999990479,9.999999999990479,-1,-1
60682,corner.diag,6069,6070,0,0,1,1
60692,corner.diag,6070,6071,9.999999999990479,9.999999999990479,-1,-1
60702,corner.diag,6071,6072,0,0,1,1
60712,corner.diag,6072,6073,9.999999999990479,9.999999999990479,-1,-1
60722,corner.diag,6073,6074,0,0,1,1
60732,corner.diag,6074,6075,9.999999999990479,9.999999999990479,-1,-1
60742,corner.diag,6075,6076,0,0,1,1
60752,corner.diag,6076,6077,9.999999999990479,9.999999999990479,-1,-1
60762,corner.diag,6077,6078,0,0,1,1
60772,corner.diag,6078,6079,9.999999999990479,9.999999999990479,-1,-1
60782,corner.diag,6079,6080,0,0,1,1
60792,corner.diag,6080,6081,9.999999999990479,9.999999999990479,-1,-1
60802,corner.diag,6081,6082,0,0,1,1
60812,corner.diag,6082,6083,9.999999999990479,9.999999999990479,-1,-1
60822,corner.diag,6083,6084,0,0,1,1
60832,corner.diag,6084,6085,9.999999999990479,9.999999999990479,-1,-1
60842,corner.diag,6085,6086,0,0,1,1
60852,corner.diag,6086,6087,9.999999999990479,9.999999999990479,-1,-1
60862,corner.diag,6087,6088,0,0,1,1
60872,corner.diag,6088,6089,9.999999999990479,9.999999999990479,-1,-1
60882,corner.diag,6089,6090,0,0,1,1
60892,corner.diag,6090,6091,9.999999999990479,9.999999999990479,-1,-1
60902,corner.diag,6091,6092,0,0,1,1
60912,corner.diag,6092,6093,9.999999999990479,9.999999999990479,-1,-1
60922,corner.diag,6093,6094,0,0,1,1
60932,corner.diag,6094,6095,9.999999999990479,9.999999999990479,-1,-1
60942,corner.diag,6095,6096,0,0,1,1
60952,corner.diag,6096,6097,9.999999999990479,9.999999999990479,-1,-1
60962,corner.diag,6097,6098,0,0,1,1
60972,corner.diag,6098,6099,9.999999999990479,9.999999999990479,-1,-1
60982,corner.diag,6099,6100,0,0,1,1
60992,corner.diag,6100,6101,9.999999999990479,9.999999999990479,-1,-1
61002,corner.diag,6101,6102,0,0,1,1
61012,corner.diag,6102,6103,9.999999999990479,9.999999999990479,-1,-1
61022,corner.diag,6103,6104,0,0,1,1
61032,corner.diag,6104,6105,9.999999999990479,9.999999999990479,-1,-1
61042,corner.diag,6105,6106,0,0,1,1
61052,corner.diag,6106,6107,9.999999999990479,9.999999999990479,-1,-1
61062,corner.diag,6107,6108,0,0,1,1
61072,corner.diag,6108,6109,9.999999999990479,9.999999999990479,-1,-1
61082,corner.diag,6109,6110,0,0,1,1
61092,corner.diag,6110,6111,9.999999999990479,9.999999999990479,-1,-1
61102,corner.diag,6111,6112,0,0,1,1
61112,corner.diag,6112,6113,9.999999999990479,9.999999999990479,-1,-1
61122,corner.diag,6113,6114,0,0,1,1
61132,corner.diag,6114,6115,9.999999999990479,9.999999999990479,-1,-1
61142,corner.diag,6115,6116,0,0,1,1
61152,corner.diag,6116,6117,9.999999999990479,9.999999999990479,-1,-1
61162,corner.diag,6117,6118,0,0,1,1
61172,corner.diag,6118,6119,9.999999999990479,9.999999999990479,-1,-1
61182,corner.diag,6119,6120,0,0,1,1
61192,corner.diag,6120,6121,9.999999999990479,9.999999999990479,-1,-1
61202,corner.diag,6121,6122,0,0,1,1
61212,corner.diag,6122,6123,9.999999999990479,9.999999999990479,-1,-1
61222,corner.diag,6123,6124,0,0,1,1
61232,corner.diag,6124,6125,9.999999999990479,9.999999999990479,-1,-1
61242,corner.diag,6125,6126,0,0,1,1
61252,corner.diag,6126,6127,9.999999999990479,9.999999999990479,-1,-1
61262,corner.diag,6127,6128,0,0,1,1
61272,corner.diag,6128,6129,9.999999999990479,9.999999999990479,-1,-1
61282,corner.diag,6129,6130,0,0,1,1
61292,corner.diag,6130,6131,9.999999999990479,9.999999999990479,-1,-1
61302,corner.diag,6131,6132,0,0,1,1
61312,corner.diag,6132,6133,9.999999999990479,9.999999999990479,-1,-1
61322,corner.diag,6133,6134,0,0,1,1
61332,corner.diag,6134,6135,9.999999999990479,9.999999999990479,-1,-1
61342,corner.diag,6135,6136,0,0,1,1
61352,corner.diag,6136,6137,9.999999999990479,9.999999999990479,-1,-1
61362,corner.diag,6137,6138,0,0,1,1
61372,corner.diag,6138,6139,9.999999999990479,9.999999999990479,-1,-1
61382,corner.diag,6139,6140,0,0,1,1
61392,corner.diag,6140,6141,9.999999999990479,9.999999999990479,-1,-1
61402,corner.diag,6141,6142,0,0,1,1
61412,corner.diag,6142,6143,9.999999999990479,9.999999999990479,-1,-1
61422,corner.diag,6143,6144,0,0,1,1
61432,corner.diag,6144,6145,9.999999999990479,9.999999999990479,-1,-1
61442,corner.diag,6145,6146,0,0,1,1
61452,corner.diag,6146,6147,9.999999999990479,9.999999999990479,-1,-1
61462,corner.diag,6147,6148,0,0,1,1
61472,corner.diag,6148,6149,9.999999999990479,9.999999999990479,-1,-1
61482,corner.diag,6149,6150,0,0,1,1
61492,corner.diag,6150,6151,9.999999999990479,9.999999999990479,-1,-1
61502,corner.diag,6151,6152,0,0,1,1
61512,corner.diag,6152,6153,9.999999999990479,9.999999999990479,-1,-1
61522,corner.diag,6153,6154,0,0,1,1
61532,corner.diag,6154,6155,9.999999999990479,9.999999999990479,-1,-1
61542,corner.diag,6155,6156,0,0,1,1
61552,corner.diag,6156,6157,9.999999999990479,9.999999999990479,-1,-1
61562,corner.diag,6157,6158,0,0,1,1
61572,corner.diag,6158,6159,9.999999999990479,9.999999999990479,-1,-1
61582,corner.diag,6159,6160,0,0,1,1
61592,corner.diag,6160,6161,9.999999999990479,9.999999999990479,-1,-1
61602,corner.diag,6161,6162,0,0,1,1
61612,corner.diag,6162,6163,9.999999999990479,9.999999999990479,-1,-1
61622,corner.diag,6163,6164,0,0,1,1
61632,corner.diag,6164,6165,9.999999999990479,9.999999999990479,-1,-1
61642,corner.diag,6165,6166,0,0,1,1
61652,corner.diag,6166,6167,9.999999999990479,9.999999999990479,-1,-1
61662,corner.diag,6167,6168,0,0,1,1
61672,corner.diag,6168,6169,9.999999999990479,9.999999999990479,-1,-1
61682,corner.diag,6169,6170,0,0,1,1
61692,corner.diag,6170,6171,9.999999999990479,9.999999999990479,-1,-1
61702,corner.diag,6171,6172,0,0,1,1
61712,corner.diag,6172,6173,9.999999999990479,9.999999999990479,-1,-1
61722,corner.diag,6173,6174,0,0,1,1
61732,corner.diag,6174,6175,9.999999999990479,9.999999999990479,-1,-1
61742,corner.diag,6175,6176,0,0,1,1
61752,corner.diag,6176,6177,9.999999999990479,9.999999999990479,-1,-1
61762,corner.diag,6177,6178,0,0,1,1
61772,corner.diag,6178,6179,9.999999999990479,9.999999999990479,-1,-1
61782,corner.diag,6179,6180,0,0,1,1
61792,corner.diag,6180,6181,9.999999999990479,9.999999999990479,-1,-1
61802,corner.diag,6181,6182,0,0,1,1
61812,corner.diag,6182,6183,9.999999999990479,9.999999999990479,-1,-1
61822,corner.diag,6183,6184,0,0,1,1
61832,corner.diag,6184,6185,9.999999999990479,9.999999999990479,-1,-1
61842,corner.diag,6185,6186,0,0,1,1
61852,corner.diag,6186,6187,9.999999999990479,9.999999999990479,-1,-1
61862,corner.diag,6187,6188,0,0,1,1
61872,corner.diag,6188,6189,9.999999999990479,9.999999999990479,-1,-1
61882,corner.diag,6189,6190,0,0,1,1
61892,corner.diag,6190,6191,9.999999999990479,9.999999999990479,-1,-1
61902,corner.diag,6191,6192,0,0,1,1
61912,corner.diag,6192,6193,9.999999999990479,9.999999999990479,-1,-1
61922,corner.diag,6193,6194,0,0,1,1
61932,corner.diag,6194,6195,9.999999999990479,9.999999999990479,-1,-1
61942,corner.diag,6195,6196,0,0,1,1
61952,corner.diag,6196,6197,9.999999999990479,9.999999999990479,-1,-1
61962,corner.diag,6197,6198,0,0,1,1
61972,corner.diag,6198,6199,9.999999999990479,9.999999999990479,-1,-1
61982,corner.diag,6199,6200,0,0,1,1
61992,corner.diag,6200,6201,9.999999999990479,9.999999999990479,-1,-1
62002,corner.diag,6201,6202,0,0,1,1
62012,corner.diag,6202,6203,9.999999999990479,9.999999999990479,-1,-1
62022,corner.diag,6203,6204,0,0,1,1
62032,corner.diag,6204,6205,9.999999999990479,9.999999999990479,-1,-1
62042,corner.diag,6205,6206,0,0,1,1
62052,corner.diag,6206,6207,9.999999999990479,9.999999999990479,-1,-1
62062,corner.diag,6207,6208,0,0,1,1
62072,corner.diag,6208,6209,9.999999999990479,9.999999999990479,-1,-1
62082,corner.diag,6209,6210,0,0,1,1
62092,corner.diag,6210,6211,9.999999999990479,9.999999999990479,-1,-1
62102,corner.diag,6211,6212,0,0,1,1
62112,corner.diag,6212,6213,9.999999999990479,9.999999999990479,-1,-1
62122,corner.diag,6213,6214,0,0,1,1
62132,corner.diag,6214,6215,9.999999999990479,9.999999999990479,-1,-1
62142,corner.diag,6215,6216,0,0,1,1
62152,corner.diag,6216,6217,9.999999999990479,9.999999999990479,-1,-1
62162,corner.diag,6217,6218,0,0,1,1
62172,corner.diag,6218,6219,9.999999999990479,9.999999999990479,-1,-1
62182,corner.diag,6219,6220,0,0,1,1
62192,corner.diag,6220,6221,9.999999999990479,9.999999999990479,-1,-1
62202,corner.diag,6221,6222,0,0,1,1
62212,corner.diag,6222,6223,9.999999999990479,9.999999999990479,-1,-1
62222,corner.diag,6223,6224,0,0,1,1
62232,corner.diag,6224,6225,9.999999999990479,9.999999999990479,-1,-1
62242,corner.diag,6225,6226,0,0,1,1
62252,corner.diag,6226,6227,9.999999999990479,9.999999999990479,-1,-1
62262,corner.diag,6227,6228,0,0,1,1
62272,corner.diag,6228,6229,9.999999999990479,9.999999999990479,-1,-1
62282,corner.diag,6229,6230,0,0,1,1
62292,corner.diag,6230,6231,9.999999999990479,9.999999999990479,-1,-1
62302,corner.diag,6231,6232,0,0,1,1
62312,corner.diag,6232,6233,9.999999999990479,9.999999999990479,-1,-1
62322,corner.diag,6233,6234,0,0,1,1
62332,corner.diag,6234,6235,9.999999999990479,9.999999999990479,-1,-1
62342,corner.diag,6235,6236,0,0,1,1
62352,corner.diag,6236,6237,9.999999999990479,9.999999999990479,-1,-1
62362,corner.diag,6237,6238,0,0,1,1
62372,corner.diag,6238,6239,9.999999999990479,9.999999999990479,-1,-1
62382,corner.diag,6239,6240,0,0,1,1
62392,corner.diag,6240,6241,9.999999999990479,9.999999999990479,-1,-1
62402,corner.diag,6241,6242,0,0,1,1
62412,corner.diag,6242,6243,9.999999999990479,9.999999999990479,-1,-1
62422,corner.diag,6243,6244,0,0,1,1
62432,corner.diag,6244,6245,9.999999999990479,9.999999999990479,-1,-1
62442,corner.diag,6245,6246,0,0,1,1
62452,corner.diag,6246,6247,9.999999999990479,9.999999999990479,-1,-1
62462,corner.diag,6247,6248,0,0,1,1
62472,corner.diag,6248,6249,9.999999999990479,9.999999999990479,-1,-1
62482,corner.diag,6249,6250,0,0,1,1
62492,corner.diag,6250,6251,9.999999999990479,9.999999999990479,-1,-1
62502,corner.diag,6251,6252,0,0,1,1
62512,corner.diag,6252,6253,9.999999999990479,9.999999999990479,-1,-1
62522,corner.diag,6253,6254,0,0,1,1
62532,corner.diag,6254,6255,9.999999999990479,9.999999999990479,-1,-1
62542,corner.diag,6255,6256,0,0,1,1
62552,corner.diag,6256,6257,9.999999999990479,9.999999999990479,-1,-1
62562,corner.diag,6257,6258,0,0,1,1
62572,corner.diag,6258,6259,9.999999999990479,9.999999999990479,-1,-1
62582,corner.diag,6259,6260,0,0,1,1
62592,corner.diag,6260,6261,9.999999999990479,9.999999999990479,-1,-1
62602,corner.diag,6261,6262,0,0,1,1
62612,corner.diag,6262,6263,9.999999999990479,9.999999999990479,-1,-1
62622,corner.diag,6263,6264,0,0,1,1
62632,corner.diag,6264,6265,9.999999999990479,9.999999999990479,-1,-1
62642,corner.diag,6265,6266,0,0,1,1
62652,corner.diag,6266,6267,9.999999999990479,9.999999999990479,-1,-1
62662,corner.diag,6267,6268,0,0,1,1
62672,corner.diag,6268,6269,9.999999999990479,9.999999999990479,-1,-1
62682,corner.diag,6269,6270,0,0,1,1
62692,corner.diag,6270,6271,9.999999999990479,9.999999999990479,-1,-1
62702,corner.diag,6271,6272,0,0,1,1
62712,corner.diag,6272,6273,9.999999999990479,9.999999999990479,-1,-1
62722,corner.diag,6273,6274,0,0,1,1
62732,corner.diag,6274,6275,9.999999999990479,9.999999999990479,-1,-1
62742,corner.diag,6275,6276,0,0,1,1
62752,corner.diag,6276,6277,9.999999999990479,9.999999999990479,-1,-1
62762,corner.diag,6277,6278,0,0,1,1
62772,corner.diag,6278,6279,9.999999999990479,9.999999999990479,-1,-1
62782,corner.diag,6279,6280,0,0,1,1
62792,corner.diag,6280,6281,9.999999999990479,9.999999999990479,-1,-1
62802,corner.diag,6281,6282,0,0,1,1
62812,corner.diag,6282,6283,9.999999999990479,9.999999999990479,-1,-1
62822,corner.diag,6283,6284,0,0,1,1
62832,corner.diag,6284,6285,9.999999999990479,9.999999999990479,-1,-1
62842,corner.diag,6285,6286,0,0,1,1
62852,corner.diag,6286,6287,9.999999999990479,9.999999999990479,-1,-1
62862,corner.diag,6287,6288,0,0,1,1
62872,corner.diag,6288,6289,9.999999999990479,9.999999999990479,-1,-1
62882,corner.diag,6289,6290,0,0,1,1
62892,corner.diag,6290,6291,9.999999999990479,9.999999999990479,-1,-1
62902,corner.diag,6291,6292,0,0,1,1
62912,corner.diag,6292,6293,9.999999999990479,9.999999999990479,-1,-1
62922,corner.diag,6293,6294,0,0,1,1
62932,corner.diag,6294,6295,9.999999999990479,9.999999999990479,-1,-1
62942,corner.diag,6295,6296,0,0,1,1
62952,corner.diag,6296,6297,9.999999999990479,9.999999999990479,-1,-1
62962,corner.diag,6297,6298,0,0,1,1
62972,corner.diag,6298,6299,9.999999999990479,9.999999999990479,-1,-1
62982,corner.diag,6299,6300,0,0,1,1
62992,corner.diag,6300,6301,9.999999999990479,9.999999999990479,-1,-1
63002,corner.diag,6301,6302,0,0,1,1
63012,corner.diag,6302,6303,9.999999999990479,9.999999999990479,-1,-1
63022,corner.diag,6303,6304,0,0,1,1
63032,corner.diag,6304,6305,9.999999999990479,9.999999999990479,-1,-1
63042,corner.diag,6305,6306,0,0,1,1
63052,corner.diag,6306,6307,9.999999999990479,9.999999999990479,-1,-1
63062,corner.diag,6307,6308,0,0,1,1
63072,corner.diag,6308,6309,9.999999999990479,9.999999999990479,-1,-1
63082,corner.diag,6309,6310,0,0,1,1
63092,corner.diag,6310,6311,9.999999999990479,9.999999999990479,-1,-1
63102,corner.diag,6311,6312,0,0,1,1
63112,corner.diag,6312,6313,9.999999999990479,9.999999999990479,-1,-1
63122,corner.diag,6313,6314,0,0,1,1
63132,corner.diag,6314,6315,9.999999999990479,9.999999999990479,-1,-1
63142,corner.diag,6315,6316,0,0,1,1
63152,corner.diag,6316,6317,9.999999999990479,9.999999999990479,-1,-1
63162,corner.diag,6317,6318,0,0,1,1
63172,corner.diag,6318,6319,9.999999999990479,9.999999999990479,-1,-1
63182,corner.diag,6319,6320,0,0,1,1
63192,corner.diag,6320,6321,9.999999999990479,9.999999999990479,-1,-1
63202,corner.diag,6321,6322,0,0,1,1
63212,corner.diag,6322,6323,9.999999999990479,9.999999999990479,-1,-1
63222,corner.diag,6323,6324,0,0,1,1
63232,corner.diag,6324,6325,9.999999999990479,9.999999999990479,-1,-1
63242,corner.diag,6325,6326,0,0,1,1
63252,corner.diag,6326,6327,9.999999999990479,9.999999999990479,-1,-1
63262,corner.diag,6327,6328,0,0,1,1
63272,corner.diag,6328,6329,9.999999999990479,9.999999999990479,-1,-1
63282,corner.diag,6329,6330,0,0,1,1
63292,corner.diag,6330,6331,9.999999999990479,9.999999999990479,-1,-1
63302,corner.diag,6331,6332,0,0,1,1
63312,corner.diag,6332,6333,9.999999999990479,9.999999999990479,-1,-1
63322,corner.diag,6333,6334,0,0,1,1
63332,corner.diag,6334,6335,9.999999999990479,9.999999999990479,-1,-1
63342,corner.diag,6335,6336,0,0,1,1
63352,corner.diag,6336,6337,9.999999999990479,9.999999999990479,-1,-1
63362,corner.diag,6337,6338,0,0,1,1
63372,corner.diag,6338,6339,9.999999999990479,9.999999999990479,-1,-1
63382,corner.diag,6339,6340,0,0,1,1
63392,corner.diag,6340,6341,9.999999999990479,9.999999999990479,-1,-1
63402,corner.diag,6341,6342,0,0,1,1
63412,corner.diag,6342,6343,9.999999999990479,9.999999999990479,-1,-1
63422,corner.diag,6343,6344,0,0,1,1
63432,corner.diag,6344,6345,9.999999999990479,9.999999999990479,-1,-1
63442,corner.diag,6345,6346,0,0,1,1
63452,corner.diag,6346,6347,9.999999999990479,9.999999999990479,-1,-1
63462,corner.diag,6347,6348,0,0,1,1
63472,corner.diag,6348,6349,9.999999999990479,9.999999999990479,-1,-1
63482,corner.diag,6349,6350,0,0,1,1
63492,corner.diag,6350,6351,9.999999999990479,9.999999999990479,-1,-1
63502,corner.diag,6351,6352,0,0,1,1
63512,corner.diag,6352,6353,9.999999999990479,9.999999999990479,-1,-1
63522,corner.diag,6353,6354,0,0,1,1
63532,corner.diag,6354,6355,9.999999999990479,9.999999999990479,-1,-1
63542,corner.diag,6355,6356,0,0,1,1
63552,corner.diag,6356,6357,9.999999999990479,9.999999999990479,-1,-1
63562,corner.diag,6357,6358,0,0,1,1
63572,corner.diag,6358,6359,9.999999999990479,9.999999999990479,-1,-1
63582,corner.diag,6359,6360,0,0,1,1
63592,corner.diag,6360,6361,9.999999999990479,9.999999999990479,-1,-1
63602,corner.diag,6361,6362,0,0,1,1
63612,corner.diag,6362,6363,9.999999999990479,9.999999999990479,-1,-1
63622,corner.diag,6363,6364,0,0,1,1
63632,corner.diag,6364,6365,9.999999999990479,9.999999999990479,-1,-1
63642,corner.diag,6365,6366,0,0,1,1
63652,corner.diag,6366,6367,9.999999999990479,9.999999999990479,-1,-1
63662,corner.diag,6367,6368,0,0,1,1
63672,corner.diag,6368,6369,9.999999999990479,9.999999999990479,-1,-1
63682,corner.diag,6369,6370,0,0,1,1
63692,corner.diag,6370,6371,9.999999999990479,9.999999999990479,-1,-1
63702,corner.diag,6371,6372,0,0,1,1
63712,corner.diag,6372,6373,9.999999999990479,9.999999999990479,-1,-1
63722,corner.diag,6373,6374,0,0,1,1
63732,corner.diag,6374,6375,9.999999999990479,9.999999999990479,-1,-1
63742,corner.diag,6375,6376,0,0,1,1
63752,corner.diag,6376,6377,9.999999999990479,9.999999999990479,-1,-1
63762,corner.diag,6377,6378,0,0,1,1
63772,corner.diag,6378,6379,9.999999999990479,9.999999999990479,-1,-1
63782,corner.diag,6379,6380,0,0,1,1
63792,corner.diag,6380,6381,9.999999999990479,9.999999999990479,-1,-1
63802,corner.diag,6381,6382,0,0,1,1
63812,corner.diag,6382,6383,9.999999999990479,9.999999999990479,-1,-1
63822,corner.diag,6383,6384,0,0,1,1
63832,corner.diag,6384,6385,9.999999999990479,9.999999999990479,-1,-1
63842,corner.diag,6385,6386,0,0,1,1
63852,corner.diag,6386,6387,9.999999999990479,9.999999999990479,-1,-1
63862,corner.diag,6387,6388,0,0,1,1
63872,corner.diag,6388,6389,9.999999999990479,9.999999999990479,-1,-1
63882,corner.diag,6389,6390,0,0,1,1
63892,corner.diag,6390,6391,9.999999999990479,9.999999999990479,-1,-1
63902,corner.diag,6391,6392,0,0,1,1
63912,corner.diag,6392,6393,9.999999999990479,9.999999999990479,-1,-1
63922,corner.diag,6393,6394,0,0,1,1
63932,corner.diag,6394,6395,9.999999999990479,9.999999999990479,-1,-1
63942,corner.diag,6395,6396,0,0,1,1
63952,corner.diag,6396,6397,9.999999999990479,9.999999999990479,-1,-1
63962,corner.diag,6397,6398,0,0,1,1
63972,corner.diag,6398,6399,9.999999999990479,9.999999999990479,-1,-1
63982,corner.diag,6399,6400,0,0,1,1
63992,corner.diag,6400,6401,9.999999999990479,9.999999999990479,-1,-1
64002,corner.diag,6401,6402,0,0,1,1
64012,corner.diag,6402,6403,9.999999999990479,9.999999999990479,-1,-1
64022,corner.diag,6403,6404,0,0,1,1
64032,corner.diag,6404,6405,9.999999999990479,9.999999999990479,-1,-1
64042,corner.diag,6405,6406,0,0,1,1
64052,corner.diag,6406,6407,9.999999999990479,9.999999999990479,-1,-1
64062,corner.diag,6407,6408,0,0,1,1
64072,corner.diag,6408,6409,9.999999999990479,9.999999999990479,-1,-1
64082,corner.diag,6409,6410,0,0,1,1
64092,corner.diag,6410,6411,9.999999999990479,9.999999999990479,-1,-1
64102,corner.diag,6411,6412,0,0,1,1
64112,corner.diag,6412,6413,9.999999999990479,9.999999999990479,-1,-1
64122,corner.diag,6413,6414,0,0,1,1
64132,corner.diag,6414,6415,9.999999999990479,9.999999999990479,-1,-1
64142,corner.diag,6415,6416,0,0,1,1
64152,corner.diag,6416,6417,9.999999999990479,9.999999999990479,-1,-1
64162,corner.diag,6417,6418,0,0,1,1
64172,corner.diag,6418,6419,9.999999999990479,9.999999999990479,-1,-1
64182,corner.diag,6419,6420,0,0,1,1
64192,corner.diag,6420,6421,9.999999999990479,9.999999999990479,-1,-1
64202,corner.diag,6421,6422,0,0,1,1
64212,corner.diag,6422,6423,9.999999999990479,9.999999999990479,-1,-1
64222,corner.diag,6423,6424,0,0,1,1
64232,corner.diag,6424,6425,9.999999999990479,9.999999999990479,-1,-1
64242,corner.diag,6425,6426,0,0,1,1
64252,corner.diag,6426,6427,9.999999999990479,9.999999999990479,-1,-1
64262,corner.diag,6427,6428,0,0,1,1
64272,corner.diag,6428,6429,9.999999999990479,9.999999999990479,-1,-1
64282,corner.diag,6429,6430,0,0,1,1
64292,corner.diag,6430,6431,9.999999999990479,9.999999999990479,-1,-1
64302,corner.diag,6431,6432,0,0,1,1
64312,corner.diag,6432,6433,9.999999999990479,9.999999999990479,-1,-1
64322,corner.diag,6433,6434,0,0,1,1
64332,corner.diag,6434,6435,9.999999999990479,9.999999999990479,-1,-1
64342,corner.diag,6435,6436,0,0,1,1
64352,corner.diag,6436,6437,9.999999999990479,9.999999999990479,-1,-1
64362,corner.diag,6437,6438,0,0,1,1
64372,corner.diag,6438,6439,9.999999999990479,9.999999999990479,-1,-1
64382,corner.diag,6439,6440,0,0,1,1
64392,corner.diag,6440,6441,9.999999999990479,9.999999999990479,-1,-1
64402,corner.diag,6441,6442,0,0,1,1
64412,corner.diag,6442,6443,9.999999999990479,9.999999999990479,-1,-1
64422,corner.diag,6443,6444,0,0,1,1
64432,corner.diag,6444,6445,9.999999999990479,9.999999999990479,-1,-1
64442,corner.diag,6445,6446,0,0,1,1
64452,corner.diag,6446,6447,9.999999999990479,9.999999999990479,-1,-1
64462,corner.diag,6447,6448,0,0,1,1
64472,corner.diag,6448,6449,9.999999999990479,9.999999999990479,-1,-1
64482,corner.diag,6449,6450,0,0,1,1
64492,corner.diag,6450,6451,9.999999999990479,9.999999999990479,-1,-1
64502,corner.diag,6451,6452,0,0,1,1
64512,corner.diag,6452,6453,9.999999999990479,9.999999999990479,-1,-1
64522,corner.diag,6453,6454,0,0,1,1
64532,corner.diag,6454,6455,9.999999999990479,9.999999999990479,-1,-1
64542,corner.diag,6455,6456,0,0,1,1
64552,corner.diag,6456,6457,9.999999999990479,9.999999999990479,-1,-1
64562,corner.diag,6457,6458,0,0,1,1
64572,corner.diag,6458,6459,9.999999999990479,9.999999999990479,-1,-1
64582,corner.diag,6459,6460,0,0,1,1
64592,corner.diag,6460,6461,9.999999999990479,9.999999999990479,-1,-1
64602,corner.diag,6461,6462,0,0,1,1
64612,corner.diag,6462,6463,9.999999999990479,9.999999999990479,-1,-1
64622,corner.diag,6463,6464,0,0,1,1
64632,corner.diag,6464,6465,9.999999999990479,9.999999999990479,-1,-1
64642,corner.diag,6465,6466,0,0,1,1
64652,corner.diag,6466,6467,9.999999999990479,9.999999999990479,-1,-1
64662,corner.diag,6467,6468,0,0,1,1
64672,corner.diag,6468,6469,9.999999999990479,9.999999999990479,-1,-1
64682,corner.diag,6469,6470,0,0,1,1
64692,corner.diag,6470,6471,9.999999999990479,9.999999999990479,-1,-1
64702,corner.diag,6471,6472,0,0,1,1
64712,corner.diag,6472,6473,9.999999999990479,9.999999999990479,-1,-1
64722,corner.diag,6473,6474,0,0,1,1
64732,corner.diag,6474,6475,9.999999999990479,9.999999999990479,-1,-1
64742,corner.diag,6475,6476,0,0,1,1
64752,corner.diag,6476,6477,9.999999999990479,9.999999999990479,-1,-1
64762,corner.diag,6477,6478,0,0,1,1
64772,corner.diag,6478,6479,9.999999999990479,9.999999999990479,-1,-1
64782,corner.diag,6479,6480,0,0,1,1
64792,corner.diag,6480,6481,9.999999999990479,9.999999999990479,-1,-1
64802,corner.diag,6481,6482,0,0,1,1
64812,corner.diag,6482,6483,9.999999999990479,9.999999999990479,-1,-1
64822,corner.diag,6483,6484,0,0,1,1
64832,corner.diag,6484,6485,9.999999999990479,9.999999999990479,-1,-1
64842,corner.diag,6485,6486,0,0,1,1
64852,corner.diag,6486,6487,9.999999999990479,9.999999999990479,-1,-1
64862,corner.diag,6487,6488,0,0,1,1
64872,corner.diag,6488,6489,9.999999999990479,9.999999999990479,-1,-1
64882,corner.diag,6489,6490,0,0,1,1
64892,corner.diag,6490,6491,9.999999999990479,9.999999999990479,-1,-1
64902,corner.diag,6491,6492,0,0,1,1
64912,corner.diag,6492,6493,9.999999999990479,9.999999999990479,-1,-1
64922,corner.diag,6493,6494,0,0,1,1
64932,corner.diag,6494,6495,9.999999999990479,9.999999999990479,-1,-1
64942,corner.diag,6495,6496,0,0,1,1
64952,corner.diag,6496,6497,9.999999999990479,9.999999999990479,-1,-1
64962,corner.diag,6497,6498,0,0,1,1
64972,corner.diag,6498,6499,9.999999999990479,9.999999999990479,-1,-1
64982,corner.diag,6499,6500,0,0,1,1
64992,corner.diag,6500,6501,9.999999999990479,9.999999999990479,-1,-1
65002,corner.diag,6501,6502,0,0,1,1
65012,corner.diag,6502,6503,9.999999999990479,9.999999999990479,-1,-1
65022,corner.diag,6503,6504,0,0,1,1
65032,corner.diag,6504,6505,9.999999999990479,9.999999999990479,-1,-1
65042,corner.diag,6505,6506,0,0,1,1
65052,corner.diag,6506,6507,9.999999999990479,9.999999999990479,-1,-1
65062,corner.diag,6507,6508,0,0,1,1
65072,corner.diag,6508,6509,9.999999999990479,9.999999999990479,-1,-1
65082,corner.diag,6509,6510,0,0,1,1
65092,corner.diag,6510,6511,9.999999999990479,9.999999999990479,-1,-1
65102,corner.diag,6511,6512,0,0,1,1
65112,corner.diag,6512,6513,9.999999999990479,9.999999999990479,-1,-1
65122,corner.diag,6513,6514,0,0,1,1
65132,corner.diag,6514,6515,9.999999999990479,9.999999999990479,-1,-1
65142,corner.diag,6515,6516,0,0,1,1
65152,corner.diag,6516,6517,9.999999999990479,9.999999999990479,-1,-1
65162,corner.diag,6517,6518,0,0,1,1
65172,corner.diag,6518,6519,9.999999999990479,9.999999999990479,-1,-1
65182,corner.diag,6519,6520,0,0,1,1
65192,corner.diag,6520,6521,9.999999999990479,9.999999999990479,-1,-1
65202,corner.diag,6521,6522,0,0,1,1
65212,corner.diag,6522,6523,9.999999999990479,9.999999999990479,-1,-1
65222,corner.diag,6523,6524,0,0,1,1
65232,corner.diag,6524,6525,9.999999999990479,9.999999999990479,-1,-1
65242,corner.diag,6525,6526,0,0,1,1
65252,corner.diag,6526,6527,9.999999999990479,9.999999999990479,-1,-1
65262,corner.diag,6527,6528,0,0,1,1
65272,corner.diag,6528,6529,9.999999999990479,9.999999999990479,-1,-1
65282,corner.diag,6529,6530,0,0,1,1
65292,corner.diag,6530,6531,9.999999999990479,9.999999999990479,-1,-1
65302,corner.diag,6531,6532,0,0,1,1
65312,corner.diag,6532,6533,9.999999999990479,9.999999999990479,-1,-1
65322,corner.diag,6533,6534,0,0,1,1
65332,corner.diag,6534,6535,9.999999999990479,9.999999999990479,-1,-1
65342,corner.diag,6535,6536,0,0,1,1
65352,corner.diag,6536,6537,9.999999999990479,9.999999999990479,-1,-1
65362,corner.diag,6537,6538,0,0,1,1
65372,corner.diag,6538,6539,9.999999999990479,9.999999999990479,-1,-1
65382,corner.diag,6539,6540,0,0,1,1
65392,corner.diag,6540,6541,9.999999999990479,9.999999999990479,-1,-1
65402,corner.diag,6541,6542,0,0,1,1
65412,corner.diag,6542,6543,9.999999999990479,9.999999999990479,-1,-1
65422,corner.diag,6543,6544,0,0,1,1
65432,corner.diag,6544,6545,9.999999999990479,9.999999999990479,-1,-1
65442,corner.diag,6545,6546,0,0,1,1
65452,corner.diag,6546,6547,9.999999999990479,9.999999999990479,-1,-1
65462,corner.diag,6547,6548,0,0,1,1
65472,corner.diag,6548,6549,9.999999999990479,9.999999999990479,-1,-1
65482,corner.diag,6549,6550,0,0,1,1
65492,corner.diag,6550,6551,9.999999999990479,9.999999999990479,-1,-1
65502,corner.diag,6551,6552,0,0,1,1
65512,corner.diag,6552,6553,9.999999999990479,9.999999999990479,-1,-1
65522,corner.diag,6553,6554,0,0,1,1
65532,corner.diag,6554,6555,9.999999999990479,9.999999999990479,-1,-1
65542,corner.diag,6555,6556,0,0,1,1
65552,corner.diag,6556,6557,9.999999999990479,9.999999999990479,-1,-1
65562,corner.diag,6557,6558,0,0,1,1
65572,corner.diag,6558,6559,9.999999999990479,9.999999999990479,-1,-1
65582,corner.diag,6559,6560,0,0,1,1
65592,corner.diag,6560,6561,9.999999999990479,9.999999999990479,-1,-1
65602,corner.diag,6561,6562,0,0,1,1
65612,corner.diag,6562,6563,9.999999999990479,9.999999999990479,-1,-1
65622,corner.diag,6563,6564,0,0,1,1
65632,corner.diag,6564,6565,9.999999999990479,9.999999999990479,-1,-1
65642,corner.diag,6565,6566,0,0,1,1
65652,corner.diag,6566,6567,9.999999999990479,9.999999999990479,-1,-1
65662,corner.diag,6567,6568,0,0,1,1
65672,corner.diag,6568,6569,9.999999999990479,9.999999999990479,-1,-1
65682,corner.diag,6569,6570,0,0,1,1
65692,corner.diag,6570,6571,9.999999999990479,9.999999999990479,-1,-1
65702,corner.diag,6571,6572,0,0,1,1
65712,corner.diag,6572,6573,9.999999999990479,9.999999999990479,-1,-1
65722,corner.diag,6573,6574,0,0,1,1
65732,corner.diag,6574,6575,9.999999999990479,9.999999999990479,-1,-1
65742,corner.diag,6575,6576,0,0,1,1
65752,corner.diag,6576,6577,9.999999999990479,9.999999999990479,-1,-1
65762,corner.diag,6577,6578,0,0,1,1
65772,corner.diag,6578,6579,9.999999999990479,9.999999999990479,-1,-1
65782,corner.diag,6579,6580,0,0,1,1
65792,corner.diag,6580,6581,9.999999999990479,9.999999999990479,-1,-1
65802,corner.diag,6581,6582,0,0,1,1
65812,corner.diag,6582,6583,9.999999999990479,9.999999999990479,-1,-1
65822,corner.diag,6583,6584,0,0,1,1
65832,corner.diag,6584,6585,9.999999999990479,9.999999999990479,-1,-1
65842,corner.diag,6585,6586,0,0,1,1
65852,corner.diag,6586,6587,9.999999999990479,9.999999999990479,-1,-1
65862,corner.diag,6587,6588,0,0,1,1
65872,corner.diag,6588,6589,9.999999999990479,9.999999999990479,-1,-1
65882,corner.diag,6589,6590,0,0,1,1
65892,corner.diag,6590,6591,9.999999999990479,9.999999999990479,-1,-1
65902,corner.diag,6591,6592,0,0,1,1
65912,corner.diag,6592,6593,9.999999999990479,9.999999999990479,-1,-1
65922,corner.diag,6593,6594,0,0,1,1
65932,corner.diag,6594,6595,9.999999999990479,9.999999999990479,-1,-1
65942,corner.diag,6595,6596,0,0,1,1
65952,corner.diag,6596,6597,9.999999999990479,9.999999999990479,-1,-1
65962,corner.diag,6597,6598,0,0,1,1
65972,corner.diag,6598,6599,9.999999999990479,9.999999999990479,-1,-1
65982,corner.diag,6599,6600,0,0,1,1
65992,corner.diag,6600,6601,9.999999999990479,9.999999999990479,-1,-1
66002,corner.diag,6601,6602,0,0,1,1
66012,corner.diag,6602,6603,9.999999999990479,9.999999999990479,-1,-1
66022,corner.diag,6603,6604,0,0,1,1
66032,corner.diag,6604,6605,9.999999999990479,9.999999999990479,-1,-1
66042,corner.diag,6605,6606,0,0,1,1
66052,corner.diag,6606,6607,9.999999999990479,9.999999999990479,-1,-1
66062,corner.diag,6607,6608,0,0,1,1
66072,corner.diag,6608,6609,9.999999999990479,9.999999999990479,-1,-1
66082,corner.diag,6609,6610,0,0,1,1
66092,corner.diag,6610,6611,9.999999999990479,9.999999999990479,-1,-1
66102,corner.diag,6611,6612,0,0,1,1
66112,corner.diag,6612,6613,9.999999999990479,9.999999999990479,-1,-1
66122,corner.diag,6613,6614,0,0,1,1
66132,corner.diag,6614,6615,9.999999999990479,9.999999999990479,-1,-1
66142,corner.diag,6615,6616,0,0,1,1
66152,corner.diag,6616,6617,9.999999999990479,9.999999999990479,-1,-1
66162,corner.diag,6617,6618,0,0,1,1
66172,corner.diag,6618,6619,9.999999999990479,9.999999999990479,-1,-1
66182,corner.diag,6619,6620,0,0,1,1
66192,corner.diag,6620,6621,9.999999999990479,9.999999999990479,-1,-1
66202,corner.diag,6621,6622,0,0,1,1
66212,corner.diag,6622,6623,9.999999999990479,9.999999999990479,-1,-1
66222,corner.diag,6623,6624,0,0,1,1
66232,corner.diag,6624,6625,9.999999999990479,9.999999999990479,-1,-1
66242,corner.diag,6625,6626,0,0,1,1
66252,corner.diag,6626,6627,9.999999999990479,9.999999999990479,-1,-1
66262,corner.diag,6627,6628,0,0,1,1
66272,corner.diag,6628,6629,9.999999999990479,9.999999999990479,-1,-1
66282,corner.diag,6629,6630,0,0,1,1
66292,corner.diag,6630,6631,9.999999999990479,9.999999999990479,-1,-1
66302,corner.diag,6631,6632,0,0,1,1
66312,corner.diag,6632,6633,9.999999999990479,9.999999999990479,-1,-1
66322,corner.diag,6633,6634,0,0,1,1
66332,corner.diag,6634,6635,9.999999999990479,9.999999999990479,-1,-1
66342,corner.diag,6635,6636,0,0,1,1
66352,corner.diag,6636,6637,9.999999999990479,9.999999999990479,-1,-1
66362,corner.diag,6637,6638,0,0,1,1
66372,corner.diag,6638,6639,9.999999999990479,9.999999999990479,-1,-1
66382,corner.diag,6639,6640,0,0,1,1
66392,corner.diag,6640,6641,9.999999999990479,9.999999999990479,-1,-1
66402,corner.diag,6641,6642,0,0,1,1
66412,corner.diag,6642,6643,9.999999999990479,9.999999999990479,-1,-1
66422,corner.diag,6643,6644,0,0,1,1
66432,corner.diag,6644,6645,9.999999999990479,9.999999999990479,-1,-1
66442,corner.diag,6645,6646,0,0,1,1
66452,corner.diag,6646,6647,9.999999999990479,9.999999999990479,-1,-1
66462,corner.diag,6647,6648,0,0,1,1
66472,corner.diag,6648,6649,9.999999999990479,9.999999999990479,-1,-1
66482,corner.diag,6649,6650,0,0,1,1
66492,corner.diag,6650,6651,9.999999999990479,9.999999999990479,-1,-1
66502,corner.diag,6651,6652,0,0,1,1
66512,corner.diag,6652,6653,9.999999999990479,9.999999999990479,-1,-1
66522,corner.diag,6653,6654,0,0,1,1
66532,corner.diag,6654,6655,9.999999999990479,9.999999999990479,-1,-1
66542,corner.diag,6655,6656,0,0,1,1
66552,corner.diag,6656,6657,9.999999999990479,9.999999999990479,-1,-1
66562,corner.diag,6657,6658,0,0,1,1
66572,corner.diag,6658,6659,9.999999999990479,9.999999999990479,-1,-1
66582,corner.diag,6659,6660,0,0,1,1
66592,corner.diag,6660,6661,9.999999999990479,9.999999999990479,-1,-1
66602,corner.diag,6661,6662,0,0,1,1
66612,corner.diag,6662,6663,9.999999999990479,9.999999999990479,-1,-1
66622,corner.diag,6663,6664,0,0,1,1
66632,corner.diag,6664,6665,9.999999999990479,9.999999999990479,-1,-1
66642,corner.diag,6665,6666,0,0,1,1
66652,corner.diag,6666,6667,9.999999999990479,9.999999999990479,-1,-1
66662,corner.diag,6667,6668,0,0,1,1
66672,corner.diag,6668,6669,9.999999999990479,9.999999999990479,-1,-1
66682,corner.diag,6669,6670,0,0,1,1
66692,corner.diag,6670,6671,9.999999999990479,9.999999999990479,-1,-1
66702,corner.diag,6671,6672,0,0,1,1
66712,corner.diag,6672,6673,9.999999999990479,9.999999999990479,-1,-1
66722,corner.diag,6673,6674,0,0,1,1
66732,corner.diag,6674,6675,9.999999999990479,9.999999999990479,-1,-1
66742,corner.diag,6675,6676,0,0,1,1
66752,corner.diag,6676,6677,9.999999999990479,9.999999999990479,-1,-1
66762,corner.diag,6677,6678,0,0,1,1
66772,corner.diag,6678,6679,9.999999999990479,9.999999999990479,-1,-1
66782,corner.diag,6679,6680,0,0,1,1
66792,corner.diag,6680,6681,9.999999999990479,9.999999999990479,-1,-1
66802,corner.diag,6681,6682,0,0,1,1
66812,corner.diag,6682,6683,9.999999999990479,9.999999999990479,-1,-1
66822,corner.diag,6683,6684,0,0,1,1
66832,corner.diag,6684,6685,9.999999999990479,9.999999999990479,-1,-1
66842,corner.diag,6685,6686,0,0,1,1
66852,corner.diag,6686,6687,9.999999999990479,9.999999999990479,-1,-1
66862,corner.diag,6687,6688,0,0,1,1
66872,corner.diag,6688,6689,9.999999999990479,9.999999999990479,-1,-1
66882,corner.diag,6689,6690,0,0,1,1
66892,corner.diag,6690,6691,9.999999999990479,9.999999999990479,-1,-1
66902,corner.diag,6691,6692,0,0,1,1
66912,corner.diag,6692,6693,9.999999999990479,9.999999999990479,-1,-1
66922,corner.diag,6693,6694,0,0,1,1
66932,corner.diag,6694,6695,9.999999999990479,9.999999999990479,-1,-1
66942,corner.diag,6695,6696,0,0,1,1
66952,corner.diag,6696,6697,9.999999999990479,9.999999999990479,-1,-1
66962,corner.diag,6697,6698,0,0,1,1
66972,corner.diag,6698,6699,9.999999999990479,9.999999999990479,-1,-1
66982,corner.diag,6699,6700,0,0,1,1
66992,corner.diag,6700,6701,9.999999999990479,9.999999999990479,-1,-1
67002,corner.diag,6701,6702,0,0,1,1
67012,corner.diag,6702,6703,9.999999999990479,9.999999999990479,-1,-1
67022,corner.diag,6703,6704,0,0,1,1
67032,corner.diag,6704,6705,9.999999999990479,9.999999999990479,-1,-1
67042,corner.diag,6705,6706,0,0,1,1
67052,corner.diag,6706,6707,9.999999999990479,9.999999999990479,-1,-1
67062,corner.diag,6707,6708,0,0,1,1
67072,corner.diag,6708,6709,9.999999999990479,9.999999999990479,-1,-1
67082,corner.diag,6709,6710,0,0,1,1
67092,corner.diag,6710,6711,9.999999999990479,9.999999999990479,-1,-1
67102,corner.diag,6711,6712,0,0,1,1
67112,corner.diag,6712,6713,9.999999999990479,9.999999999990479,-1,-1
67122,corner.diag,6713,6714,0,0,1,1
67132,corner.diag,6714,6715,9.999999999990479,9.999999999990479,-1,-1
67142,corner.diag,6715,6716,0,0,1,1
67152,corner.diag,6716,6717,9.999999999990479,9.999999999990479,-1,-1
67162,corner.diag,6717,6718,0,0,1,1
67172,corner.diag,6718,6719,9.999999999990479,9.999999999990479,-1,-1
67182,corner.diag,6719,6720,0,0,1,1
67192,corner.diag,6720,6721,9.999999999990479,9.999999999990479,-1,-1
67202,corner.diag,6721,6722,0,0,1,1
67212,corner.diag,6722,6723,9.999999999990479,9.999999999990479,-1,-1
67222,corner.diag,6723,6724,0,0,1,1
67232,corner.diag,6724,6725,9.999999999990479,9.999999999990479,-1,-1
67242,corner.diag,6725,6726,0,0,1,1
67252,corner.diag,6726,6727,9.999999999990479,9.999999999990479,-1,-1
67262,corner.diag,6727,6728,0,0,1,1
67272,corner.diag,6728,6729,9.999999999990479,9.999999999990479,-1,-1
67282,corner.diag,6729,6730,0,0,1,1
67292,corner.diag,6730,6731,9.999999999990479,9.999999999990479,-1,-1
67302,corner.diag,6731,6732,0,0,1,1
67312,corner.diag,6732,6733,9.999999999990479,9.999999999990479,-1,-1
67322,corner.diag,6733,6734,0,0,1,1
67332,corner.diag,6734,6735,9.999999999990479,9.999999999990479,-1,-1
67342,corner.diag,6735,6736,0,0,1,1
67352,corner.diag,6736,6737,9.999999999990479,9.999999999990479,-1,-1
67362,corner.diag,6737,6738,0,0,1,1
67372,corner.diag,6738,6739,9.999999999990479,9.999999999990479,-1,-1
67382,corner.diag,6739,6740,0,0,1,1
67392,corner.diag,6740,6741,9.999999999990479,9.999999999990479,-1,-1
67402,corner.diag,6741,6742,0,0,1,1
67412,corner.diag,6742,6743,9.999999999990479,9.999999999990479,-1,-1
67422,corner.diag,6743,6744,0,0,1,1
67432,corner.diag,6744,6745,9.999999999990479,9.999999999990479,-1,-1
67442,corner.diag,6745,6746,0,0,1,1
67452,corner.diag,6746,6747,9.999999999990479,9.999999999990479,-1,-1
67462,corner.diag,6747,6748,0,0,1,1
67472,corner.diag,6748,6749,9.999999999990479,9.999999999990479,-1,-1
67482,corner.diag,6749,6750,0,0,1,1
67492,corner.diag,6750,6751,9.999999999990479,9.999999999990479,-1,-1
67502,corner.diag,6751,6752,0,0,1,1
67512,corner.diag,6752,6753,9.999999999990479,9.999999999990479,-1,-1
67522,corner.diag,6753,6754,0,0,1,1
67532,corner.diag,6754,6755,9.999999999990479,9.999999999990479,-1,-1
67542,corner.diag,6755,6756,0,0,1,1
67552,corner.diag,6756,6757,9.999999999990479,9.999999999990479,-1,-1
67562,corner.diag,6757,6758,0,0,1,1
67572,corner.diag,6758,6759,9.999999999990479,9.999999999990479,-1,-1
67582,corner.diag,6759,6760,0,0,1,1
67592,corner.diag,6760,6761,9.999999999990479,9.999999999990479,-1,-1
67602,corner.diag,6761,6762,0,0,1,1
67612,corner.diag,6762,6763,9.999999999990479,9.999999999990479,-1,-1
67622,corner.diag,6763,6764,0,0,1,1
67632,corner.diag,6764,6765,9.999999999990479,9.999999999990479,-1,-1
67642,corner.diag,6765,6766,0,0,1,1
67652,corner.diag,6766,6767,9.999999999990479,9.999999999990479,-1,-1
67662,corner.diag,6767,6768,0,0,1,1
67672,corner.diag,6768,6769,9.999999999990479,9.999999999990479,-1,-1
67682,corner.diag,6769,6770,0,0,1,1
67692,corner.diag,6770,6771,9.999999999990479,9.999999999990479,-1,-1
67702,corner.diag,6771,6772,0,0,1,1
67712,corner.diag,6772,6773,9.999999999990479,9.999999999990479,-1,-1
67722,corner.diag,6773,6774,0,0,1,1
67732,corner.diag,6774,6775,9.999999999990479,9.999999999990479,-1,-1
67742,corner.diag,6775,6776,0,0,1,1
67752,corner.diag,6776,6777,9.999999999990479,9.999999999990479,-1,-1
67762,corner.diag,6777,6778,0,0,1,1
67772,corner.diag,6778,6779,9.999999999990479,9.999999999990479,-1,-1
67782,corner.diag,6779,6780,0,0,1,1
67792,corner.diag,6780,6781,9.999999999990479,9.999999999990479,-1,-1
67802,corner.diag,6781,6782,0,0,1,1
67812,corner.diag,6782,6783,9.999999999990479,9.999999999990479,-1,-1
67822,corner.diag,6783,6784,0,0,1,1
67832,corner.diag,6784,6785,9.999999999990479,9.999999999990479,-1,-1
67842,corner.diag,6785,6786,0,0,1,1
67852,corner.diag,6786,6787,9.999999999990479,9.999999999990479,-1,-1
67862,corner.diag,6787,6788,0,0,1,1
67872,corner.diag,6788,6789,9.999999999990479,9.999999999990479,-1,-1
67882,corner.diag,6789,6790,0,0,1,1
67892,corner.diag,6790,6791,9.999999999990479,9.999999999990479,-1,-1
67902,corner.diag,6791,6792,0,0,1,1
67912,corner.diag,6792,6793,9.999999999990479,9.999999999990479,-1,-1
67922,corner.diag,6793,6794,0,0,1,1
67932,corner.diag,6794,6795,9.999999999990479,9.999999999990479,-1,-1
67942,corner.diag,6795,6796,0,0,1,1
67952,corner.diag,6796,6797,9.999999999990479,9.999999999990479,-1,-1
67962,corner.diag,6797,6798,0,0,1,1
67972,corner.diag,6798,6799,9.999999999990479,9.999999999990479,-1,-1
67982,corner.diag,6799,6800,0,0,1,1
67992,corner.diag,6800,6801,9.999999999990479,9.999999999990479,-1,-1
68002,corner.diag,6801,6802,0,0,1,1
68012,corner.diag,6802,6803,9.999999999990479,9.999999999990479,-1,-1
68022,corner.diag,6803,6804,0,0,1,1
68032,corner.diag,6804,6805,9.999999999990479,9.999999999990479,-1,-1
68042,corner.diag,6805,6806,0,0,1,1
68052,corner.diag,6806,6807,9.999999999990479,9.999999999990479,-1,-1
68062,corner.diag,6807,6808,0,0,1,1
68072,corner.diag,6808,6809,9.999999999990479,9.999999999990479,-1,-1
68082,corner.diag,6809,6810,0,0,1,1
68092,corner.diag,6810,6811,9.999999999990479,9.999999999990479,-1,-1
68102,corner.diag,6811,6812,0,0,1,1
68112,corner.diag,6812,6813,9.999999999990479,9.999999999990479,-1,-1
68122,corner.diag,6813,6814,0,0,1,1
68132,corner.diag,6814,6815,9.999999999990479,9.999999999990479,-1,-1
68142,corner.diag,6815,6816,0,0,1,1
68152,corner.diag,6816,6817,9.999999999990479,9.999999999990479,-1,-1
68162,corner.diag,6817,6818,0,0,1,1
68172,corner.diag,6818,6819,9.999999999990479,9.999999999990479,-1,-1
68182,corner.diag,6819,6820,0,0,1,1
68192,corner.diag,6820,6821,9.999999999990479,9.999999999990479,-1,-1
68202,corner.diag,6821,6822,0,0,1,1
68212,corner.diag,6822,6823,9.999999999990479,9.999999999990479,-1,-1
68222,corner.diag,6823,6824,0,0,1,1
68232,corner.diag,6824,6825,9.999999999990479,9.999999999990479,-1,-1
68242,corner.diag,6825,6826,0,0,1,1
68252,corner.diag,6826,6827,9.999999999990479,9.999999999990479,-1,-1
68262,corner.diag,6827,6828,0,0,1,1
68272,corner.diag,6828,6829,9.999999999990479,9.999999999990479,-1,-1
68282,corner.diag,6829,6830,0,0,1,1
68292,corner.diag,6830,6831,9.999999999990479,9.999999999990479,-1,-1
68302,corner.diag,6831,6832,0,0,1,1
68312,corner.diag,6832,6833,9.999999999990479,9.999999999990479,-1,-1
68322,corner.diag,6833,6834,0,0,1,1
68332,corner.diag,6834,6835,9.999999999990479,9.999999999990479,-1,-1
68342,corner.diag,6835,6836,0,0,1,1
68352,corner.diag,6836,6837,9.999999999990479,9.999999999990479,-1,-1
68362,corner.diag,6837,6838,0,0,1,1
68372,corner.diag,6838,6839,9.999999999990479,9.999999999990479,-1,-1
68382,corner.diag,6839,6840,0,0,1,1
68392,corner.diag,6840,6841,9.999999999990479,9.999999999990479,-1,-1
68402,corner.diag,6841,6842,0,0,1,1
68412,corner.diag,6842,6843,9.999999999990479,9.999999999990479,-1,-1
68422,corner.diag,6843,6844,0,0,1,1
68432,corner.diag,6844,6845,9.999999999990479,9.999999999990479,-1,-1
68442,corner.diag,6845,6846,0,0,1,1
68452,corner.diag,6846,6847,9.999999999990479,9.999999999990479,-1,-1
68462,corner.diag,6847,6848,0,0,1,1
68472,corner.diag,6848,6849,9.999999999990479,9.999999999990479,-1,-1
68482,corner.diag,6849,6850,0,0,1,1
68492,corner.diag,6850,6851,9.999999999990479,9.999999999990479,-1,-1
68502,corner.diag,6851,6852,0,0,1,1
68512,corner.diag,6852,6853,9.999999999990479,9.999999999990479,-1,-1
68522,corner.diag,6853,6854,0,0,1,1
68532,corner.diag,6854,6855,9.999999999990479,9.999999999990479,-1,-1
68542,corner.diag,6855,6856,0,0,1,1
68552,corner.diag,6856,6857,9.999999999990479,9.999999999990479,-1,-1
68562,corner.diag,6857,6858,0,0,1,1
68572,corner.diag,6858,6859,9.999999999990479,9.999999999990479,-1,-1
68582,corner.diag,6859,6860,0,0,1,1
68592,corner.diag,6860,6861,9.999999999990479,9.999999999990479,-1,-1
68602,corner.diag,6861,6862,0,0,1,1
68612,corner.diag,6862,6863,9.999999999990479,9.999999999990479,-1,-1
68622,corner.diag,6863,6864,0,0,1,1
68632,corner.diag,6864,6865,9.999999999990479,9.999999999990479,-1,-1
68642,corner.diag,6865,6866,0,0,1,1
68652,corner.diag,6866,6867,9.999999999990479,9.999999999990479,-1,-1
68662,corner.diag,6867,6868,0,0,1,1
68672,corner.diag,6868,6869,9.999999999990479,9.999999999990479,-1,-1
68682,corner.diag,6869,6870,0,0,1,1
68692,corner.diag,6870,6871,9.999999999990479,9.999999999990479,-1,-1
68702,corner.diag,6871,6872,0,0,1,1
68712,corner.diag,6872,6873,9.999999999990479,9.999999999990479,-1,-1
68722,corner.diag,6873,6874,0,0,1,1
68732,corner.diag,6874,6875,9.999999999990479,9.999999999990479,-1,-1
68742,corner.diag,6875,6876,0,0,1,1
68752,corner.diag,6876,6877,9.999999999990479,9.999999999990479,-1,-1
68762,corner.diag,6877,6878,0,0,1,1
68772,corner.diag,6878,6879,9.999999999990479,9.999999999990479,-1,-1
68782,corner.diag,6879,6880,0,0,1,1
68792,corner.diag,6880,6881,9.999999999990479,9.999999999990479,-1,-1
68802,corner.diag,6881,6882,0,0,1,1
68812,corner.diag,6882,6883,9.999999999990479,9.999999999990479,-1,-1
68822,corner.diag,6883,6884,0,0,1,1
68832,corner.diag,6884,6885,9.999999999990479,9.999999999990479,-1,-1
68842,corner.diag,6885,6886,0,0,1,1
68852,corner.diag,6886,6887,9.999999999990479,9.999999999990479,-1,-1
68862,corner.diag,6887,6888,0,0,1,1
68872,corner.diag,6888,6889,9.999999999990479,9.999999999990479,-1,-1
68882,corner.diag,6889,6890,0,0,1,1
68892,corner.diag,6890,6891,9.999999999990479,9.999999999990479,-1,-1
68902,corner.diag,6891,6892,0,0,1,1
68912,corner.diag,6892,6893,9.999999999990479,9.999999999990479,-1,-1
68922,corner.diag,6893,6894,0,0,1,1
68932,corner.diag,6894,6895,9.999999999990479,9.999999999990479,-1,-1
68942,corner.diag,6895,6896,0,0,1,1
68952,corner.diag,6896,6897,9.999999999990479,9.999999999990479,-1,-1
68962,corner.diag,6897,6898,0,0,1,1
68972,corner.diag,6898,6899,9.999999999990479,9.999999999990479,-1,-1
68982,corner.diag,6899,6900,0,0,1,1
68992,corner.diag,6900,6901,9.999999999990479,9.999999999990479,-1,-1
69002,corner.diag,6901,6902,0,0,1,1
69012,corner.diag,6902,6903,9.999999999990479,9.999999999990479,-1,-1
69022,corner.diag,6903,6904,0,0,1,1
69032,corner.diag,6904,6905,9.999999999990479,9.999999999990479,-1,-1
69042,corner.diag,6905,6906,0,0,1,1
69052,corner.diag,6906,6907,9.999999999990479,9.999999999990479,-1,-1
69062,corner.diag,6907,6908,0,0,1,1
69072,corner.diag,6908,6909,9.999999999990479,9.999999999990479,-1,-1
69082,corner.diag,6909,6910,0,0,1,1
69092,corner.diag,6910,6911,9.999999999990479,9.999999999990479,-1,-1
69102,corner.diag,6911,6912,0,0,1,1
69112,corner.diag,6912,6913,9.999999999990479,9.999999999990479,-1,-1
69122,corner.diag,6913,6914,0,0,1,1
69132,corner.diag,6914,6915,9.999999999990479,9.999999999990479,-1,-1
69142,corner.diag,6915,6916,0,0,1,1
69152,corner.diag,6916,6917,9.999999999990479,9.999999999990479,-1,-1
69162,corner.diag,6917,6918,0,0,1,1
69172,corner.diag,6918,6919,9.999999999990479,9.999999999990479,-1,-1
69182,corner.diag,6919,6920,0,0,1,1
69192,corner.diag,6920,6921,9.999999999990479,9.999999999990479,-1,-1
69202,corner.diag,6921,6922,0,0,1,1
69212,corner.diag,6922,6923,9.999999999990479,9.999999999990479,-1,-1
69222,corner.diag,6923,6924,0,0,1,1
69232,corner.diag,6924,6925,9.999999999990479,9.999999999990479,-1,-1
69242,corner.diag,6925,6926,0,0,1,1
69252,corner.diag,6926,6927,9.999999999990479,9.999999999990479,-1,-1
69262,corner.diag,6927,6928,0,0,1,1
69272,corner.diag,6928,6929,9.999999999990479,9.999999999990479,-1,-1
69282,corner.diag,6929,6930,0,0,1,1
69292,corner.diag,6930,6931,9.999999999990479,9.999999999990479,-1,-1
69302,corner.diag,6931,6932,0,0,1,1
69312,corner.diag,6932,6933,9.999999999990479,9.999999999990479,-1,-1
69322,corner.diag,6933,6934,0,0,1,1
69332,corner.diag,6934,6935,9.999999999990479,9.999999999990479,-1,-1
69342,corner.diag,6935,6936,0,0,1,1
69352,corner.diag,6936,6937,9.999999999990479,9.999999999990479,-1,-1
69362,corner.diag,6937,6938,0,0,1,1
69372,corner.diag,6938,6939,9.999999999990479,9.999999999990479,-1,-1
69382,corner.diag,6939,6940,0,0,1,1
69392,corner.diag,6940,6941,9.999999999990479,9.999999999990479,-1,-1
69402,corner.diag,6941,6942,0,0,1,1
69412,corner.diag,6942,6943,9.999999999990479,9.999999999990479,-1,-1
69422,corner.diag,6943,6944,0,0,1,1
69432,corner.diag,6944,6945,9.999999999990479,9.999999999990479,-1,-1
69442,corner.diag,6945,6946,0,0,1,1
69452,corner.diag,6946,6947,9.999999999990479,9.999999999990479,-1,-1
69462,corner.diag,6947,6948,0,0,1,1
69472,corner.diag,6948,6949,9.999999999990479,9.999999999990479,-1,-1
69482,corner.diag,6949,6950,0,0,1,1
69492,corner.diag,6950,6951,9.999999999990479,9.999999999990479,-1,-1
69502,corner.diag,6951,6952,0,0,1,1
69512,corner.diag,6952,6953,9.999999999990479,9.999999999990479,-1,-1
69522,corner.diag,6953,6954,0,0,1,1
69532,corner.diag,6954,6955,9.999999999990479,9.999999999990479,-1,-1
69542,corner.diag,6955,6956,0,0,1,1
69552,corner.diag,6956,6957,9.999999999990479,9.999999999990479,-1,-1
69562,corner.diag,6957,6958,0,0,1,1
69572,corner.diag,6958,6959,9.999999999990479,9.999999999990479,-1,-1
69582,corner.diag,6959,6960,0,0,1,1
69592,corner.diag,6960,6961,9.999999999990479,9.999999999990479,-1,-1
69602,corner.diag,6961,6962,0,0,1,1
69612,corner.diag,6962,6963,9.999999999990479,9.999999999990479,-1,-1
69622,corner.diag,6963,6964,0,0,1,1
69632,corner.diag,6964,6965,9.999999999990479,9.999999999990479,-1,-1
69642,corner.diag,6965,6966,0,0,1,1
69652,corner.diag,6966,6967,9.999999999990479,9.999999999990479,-1,-1
69662,corner.diag,6967,6968,0,0,1,1
69672,corner.diag,6968,6969,9.999999999990479,9.999999999990479,-1,-1
69682,corner.diag,6969,6970,0,0,1,1
69692,corner.diag,6970,6971,9.999999999990479,9.999999999990479,-1,-1
69702,corner.diag,6971,6972,0,0,1,1
69712,corner.diag,6972,6973,9.999999999990479,9.999999999990479,-1,-1
69722,corner.diag,6973,6974,0,0,1,1
69732,corner.diag,6974,6975,9.999999999990479,9.999999999990479,-1,-1
69742,corner.diag,6975,6976,0,0,1,1
69752,corner.diag,6976,6977,9.999999999990479,9.999999999990479,-1,-1
69762,corner.diag,6977,6978,0,0,1,1
69772,corner.diag,6978,6979,9.999999999990479,9.999999999990479,-1,-1
69782,corner.diag,6979,6980,0,0,1,1
69792,corner.diag,6980,6981,9.999999999990479,9.999999999990479,-1,-1
69802,corner.diag,6981,6982,0,0,1,1
69812,corner.diag,6982,6983,9.999999999990479,9.999999999990479,-1,-1
69822,corner.diag,6983,6984,0,0,1,1
69832,corner.diag,6984,6985,9.999999999990479,9.999999999990479,-1,-1
69842,corner.diag,6985,6986,0,0,1,1
69852,corner.diag,6986,6987,9.999999999990479,9.999999999990479,-1,-1
69862,corner.diag,6987,6988,0,0,1,1
69872,corner.diag,6988,6989,9.999999999990479,9.999999999990479,-1,-1
69882,corner.diag,6989,6990,0,0,1,1
69892,corner.diag,6990,6991,9.999999999990479,9.999999999990479,-1,-1
69902,corner.diag,6991,6992,0,0,1,1
69912,corner.diag,6992,6993,9.999999999990479,9.999999999990479,-1,-1
69922,corner.diag,6993,6994,0,0,1,1
69932,corner.diag,6994,6995,9.999999999990479,9.999999999990479,-1,-1
69942,corner.diag,6995,6996,0,0,1,1
69952,corner.diag,6996,6997,9.999999999990479,9.999999999990479,-1,-1
69962,corner.diag,6997,6998,0,0,1,1
69972,corner.diag,6998,6999,9.999999999990479,9.999999999990479,-1,-1
69982,corner.diag,6999,7000,0,0,1,1
69992,corner.diag,7000,7001,9.999999999990479,9.999999999990479,-1,-1
70002,corner.diag,7001,7002,0,0,1,1
70012,corner.diag,7002,7003,9.999999999990479,9.999999999990479,-1,-1
70022,corner.diag,7003,7004,0,0,1,1
70032,corner.diag,7004,7005,9.999999999990479,9.999999999990479,-1,-1
70042,corner.diag,7005,7006,0,0,1,1
70052,corner.diag,7006,7007,9.999999999990479,9.999999999990479,-1,-1
70062,corner.diag,7007,7008,0,0,1,1
70072,corner.diag,7008,7009,9.999999999990479,9.999999999990479,-1,-1
70082,corner.diag,7009,7010,0,0,1,1
70092,corner.diag,7010,7011,9.999999999990479,9.999999999990479,-1,-1
70102,corner.diag,7011,7012,0,0,1,1
70112,corner.diag,7012,7013,9.999999999990479,9.999999999990479,-1,-1
70122,corner.diag,7013,7014,0,0,1,1
70132,corner.diag,7014,7015,9.999999999990479,9.999999999990479,-1,-1
70142,corner.diag,7015,7016,0,0,1,1
70152,corner.diag,7016,7017,9.999999999990479,9.999999999990479,-1,-1
70162,corner.diag,7017,7018,0,0,1,1
70172,corner.diag,7018,7019,9.999999999990479,9.999999999990479,-1,-1
70182,corner.diag,7019,7020,0,0,1,1
70192,corner.diag,7020,7021,9.999999999990479,9.999999999990479,-1,-1
70202,corner.diag,7021,7022,0,0,1,1
70212,corner.diag,7022,7023,9.999999999990479,9.999999999990479,-1,-1
70222,corner.diag,7023,7024,0,0,1,1
70232,corner.diag,7024,7025,9.999999999990479,9.999999999990479,-1,-1
70242,corner.diag,7025,7026,0,0,1,1
70252,corner.diag,7026,7027,9.999999999990479,9.999999999990479,-1,-1
70262,corner.diag,7027,7028,0,0,1,1
70272,corner.diag,7028,7029,9.999999999990479,9.999999999990479,-1,-1
70282,corner.diag,7029,7030,0,0,1,1
70292,corner.diag,7030,7031,9.999999999990479,9.999999999990479,-1,-1
70302,corner.diag,7031,7032,0,0,1,1
70312,corner.diag,7032,7033,9.999999999990479,9.999999999990479,-1,-1
70322,corner.diag,7033,7034,0,0,1,1
70332,corner.diag,7034,7035,9.999999999990479,9.999999999990479,-1,-1
70342,corner.diag,7035,7036,0,0,1,1
70352,corner.diag,7036,7037,9.999999999990479,9.999999999990479,-1,-1
70362,corner.diag,7037,7038,0,0,1,1
70372,corner.diag,7038,7039,9.999999999990479,9.999999999990479,-1,-1
70382,corner.diag,7039,7040,0,0,1,1
70392,corner.diag,7040,7041,9.999999999990479,9.999999999990479,-1,-1
70402,corner.diag,7041,7042,0,0,1,1
70412,corner.diag,7042,7043,9.999999999990479,9.999999999990479,-1,-1
70422,corner.diag,7043,7044,0,0,1,1
70432,corner.diag,7044,7045,9.999999999990479,9.999999999990479,-1,-1
70442,corner.diag,7045,7046,0,0,1,1
70452,corner.diag,7046,7047,9.999999999990479,9.999999999990479,-1,-1
70462,corner.diag,7047,7048,0,0,1,1
70472,corner.diag,7048,7049,9.999999999990479,9.999999999990479,-1,-1
70482,corner.diag,7049,7050,0,0,1,1
70492,corner.diag,7050,7051,9.999999999990479,9.999999999990479,-1,-1
70502,corner.diag,7051,7052,0,0,1,1
70512,corner.diag,7052,7053,9.999999999990479,9.999999999990479,-1,-1
70522,corner.diag,7053,7054,0,0,1,1
70532,corner.diag,7054,7055,9.999999999990479,9.999999999990479,-1,-1
70542,corner.diag,7055,7056,0,0,1,1
70552,corner.diag,7056,7057,9.999999999990479,9.999999999990479,-1,-1
70562,corner.diag,7057,7058,0,0,1,1
70572,corner.diag,7058,7059,9.999999999990479,9.999999999990479,-1,-1
70582,corner.diag,7059,7060,0,0,1,1
70592,corner.diag,7060,7061,9.999999999990479,9.999999999990479,-1,-1
70602,corner.diag,7061,7062,0,0,1,1
70612,corner.diag,7062,7063,9.999999999990479,9.999999999990479,-1,-1
70622,corner.diag,7063,7064,0,0,1,1
70632,corner.diag,7064,7065,9.999999999990479,9.999999999990479,-1,-1
70642,corner.diag,7065,7066,0,0,1,1
70652,corner.diag,7066,7067,9.999999999990479,9.999999999990479,-1,-1
70662,corner.diag,7067,7068,0,0,1,1
70672,corner.diag,7068,7069,9.999999999990479,9.999999999990479,-1,-1
70682,corner.diag,7069,7070,0,0,1,1
70692,corner.diag,7070,7071,9.999999999990479,9.999999999990479,-1,-1
70702,corner.diag,7071,7072,0,0,1,1
70712,corner.diag,7072,7073,9.999999999990479,9.999999999990479,-1,-1
70722,corner.diag,7073,7074,0,0,1,1
70732,corner.diag,7074,7075,9.999999999990479,9.999999999990479,-1,-1
70742,corner.diag,7075,7076,0,0,1,1
70752,corner.diag,7076,7077,9.999999999990479,9.999999999990479,-1,-1
70762,corner.diag,7077,7078,0,0,1,1
70772,corner.diag,7078,7079,9.999999999990479,9.999999999990479,-1,-1
70782,corner.diag,7079,7080,0,0,1,1
70792,corner.diag,7080,7081,9.999999999990479,9.999999999990479,-1,-1
70802,corner.diag,7081,7082,0,0,1,1
70812,corner.diag,7082,7083,9.999999999990479,9.999999999990479,-1,-1
70822,corner.diag,7083,7084,0,0,1,1
70832,corner.diag,7084,7085,9.999999999990479,9.999999999990479,-1,-1
70842,corner.diag,7085,7086,0,0,1,1
70852,corner.diag,7086,7087,9.999999999990479,9.999999999990479,-1,-1
70862,corner.diag,7087,7088,0,0,1,1
70872,corner.diag,7088,7089,9.999999999990479,9.999999999990479,-1,-1
70882,corner.diag,7089,7090,0,0,1,1
70892,corner.diag,7090,7091,9.999999999990479,9.999999999990479,-1,-1
70902,corner.diag,7091,7092,0,0,1,1
70912,corner.diag,7092,7093,9.999999999990479,9.999999999990479,-1,-1
70922,corner.diag,7093,7094,0,0,1,1
70932,corner.diag,7094,7095,9.999999999990479,9.999999999990479,-1,-1
70942,corner.diag,7095,7096,0,0,1,1
70952,corner.diag,7096,7097,9.999999999990479,9.999999999990479,-1,-1
70962,corner.diag,7097,7098,0,0,1,1
70972,corner.diag,7098,7099,9.999999999990479,9.999999999990479,-1,-1
70982,corner.diag,7099,7100,0,0,1,1
70992,corner.diag,7100,7101,9.999999999990479,9.999999999990479,-1,-1
71002,corner.diag,7101,7102,0,0,1,1
71012,corner.diag,7102,7103,9.999999999990479,9.999999999990479,-1,-1
71022,corner.diag,7103,7104,0,0,1,1
71032,corner.diag,7104,7105,9.999999999990479,9.999999999990479,-1,-1
71042,corner.diag,7105,7106,0,0,1,1
71052,corner.diag,7106,7107,9.999999999990479,9.999999999990479,-1,-1
71062,corner.diag,7107,7108,0,0,1,1
71072,corner.diag,7108,7109,9.999999999990479,9.999999999990479,-1,-1
71082,corner.diag,7109,7110,0,0,1,1
71092,corner.diag,7110,7111,9.999999999990479,9.999999999990479,-1,-1
71102,corner.diag,7111,7112,0,0,1,1
71112,corner.diag,7112,7113,9.999999999990479,9.999999999990479,-1,-1
71122,corner.diag,7113,7114,0,0,1,1
71132,corner.diag,7114,7115,9.999999999990479,9.999999999990479,-1,-1
71142,corner.diag,7115,7116,0,0,1,1
71152,corner.diag,7116,7117,9.999999999990479,9.999999999990479,-1,-1
71162,corner.diag,7117,7118,0,0,1,1
71172,corner.diag,7118,7119,9.999999999990479,9.999999999990479,-1,-1
71182,corner.diag,7119,7120,0,0,1,1
71192,corner.diag,7120,7121,9.999999999990479,9.999999999990479,-1,-1
71202,corner.diag,7121,7122,0,0,1,1
71212,corner.diag,7122,7123,9.999999999990479,9.999999999990479,-1,-1
71222,corner.diag,7123,7124,0,0,1,1
71232,corner.diag,7124,7125,9.999999999990479,9.999999999990479,-1,-1
71242,corner.diag,7125,7126,0,0,1,1
71252,corner.diag,7126,7127,9.999999999990479,9.999999999990479,-1,-1
71262,corner.diag,7127,7128,0,0,1,1
71272,corner.diag,7128,7129,9.999999999990479,9.999999999990479,-1,-1
71282,corner.diag,7129,7130,0,0,1,1
71292,corner.diag,7130,7131,9.999999999990479,9.999999999990479,-1,-1
71302,corner.diag,7131,7132,0,0,1,1
71312,corner.diag,7132,7133,9.999999999990479,9.999999999990479,-1,-1
71322,corner.diag,7133,7134,0,0,1,1
71332,corner.diag,7134,7135,9.999999999990479,9.999999999990479,-1,-1
71342,corner.diag,7135,7136,0,0,1,1
71352,corner.diag,7136,7137,9.999999999990479,9.999999999990479,-1,-1
71362,corner.diag,7137,7138,0,0,1,1
71372,corner.diag,7138,7139,9.999999999990479,9.999999999990479,-1,-1
71382,corner.diag,7139,7140,0,0,1,1
71392,corner.diag,7140,7141,9.999999999990479,9.999999999990479,-1,-1
71402,corner.diag,7141,7142,0,0,1,1
71412,corner.diag,7142,7143,9.999999999990479,9.999999999990479,-1,-1
71422,corner.diag,7143,7144,0,0,1,1
71432,corner.diag,7144,7145,9.999999999990479,9.999999999990479,-1,-1
71442,corner.diag,7145,7146,0,0,1,1
71452,corner.diag,7146,7147,9.999999999990479,9.999999999990479,-1,-1
71462,corner.diag,7147,7148,0,0,1,1
71472,corner.diag,7148,7149,9.999999999990479,9.999999999990479,-1,-1
71482,corner.diag,7149,7150,0,0,1,1
71492,corner.diag,7150,7151,9.999999999990479,9.999999999990479,-1,-1
71502,corner.diag,7151,7152,0,0,1,1
71512,corner.diag,7152,7153,9.999999999990479,9.999999999990479,-1,-1
71522,corner.diag,7153,7154,0,0,1,1
71532,corner.diag,7154,7155,9.999999999990479,9.999999999990479,-1,-1
71542,corner.diag,7155,7156,0,0,1,1
71552,corner.diag,7156,7157,9.999999999990479,9.999999999990479,-1,-1
71562,corner.diag,7157,7158,0,0,1,1
71572,corner.diag,7158,7159,9.999999999990479,9.999999999990479,-1,-1
71582,corner.diag,7159,7160,0,0,1,1
71592,corner.diag,7160,7161,9.999999999990479,9.999999999990479,-1,-1
71602,corner.diag,7161,7162,0,0,1,1
71612,corner.diag,7162,7163,9.999999999990479,9.999999999990479,-1,-1
71622,corner.diag,7163,7164,0,0,1,1
71632,corner.diag,7164,7165,9.999999999990479,9.999999999990479,-1,-1
71642,corner.diag,7165,7166,0,0,1,1
71652,corner.diag,7166,7167,9.999999999990479,9.999999999990479,-1,-1
71662,corner.diag,7167,7168,0,0,1,1
71672,corner.diag,7168,7169,9.999999999990479,9.999999999990479,-1,-1
71682,corner.diag,7169,7170,0,0,1,1
71692,corner.diag,7170,7171,9.999999999990479,9.999999999990479,-1,-1
71702,corner.diag,7171,7172,0,0,1,1
71712,corner.diag,7172,7173,9.999999999990479,9.999999999990479,-1,-1
71722,corner.diag,7173,7174,0,0,1,1
71732,corner.diag,7174,7175,9.999999999990479,9.999999999990479,-1,-1
71742,corner.diag,7175,7176,0,0,1,1
71752,corner.diag,7176,7177,9.999999999990479,9.999999999990479,-1,-1
71762,corner.diag,7177,7178,0,0,1,1
71772,corner.diag,7178,7179,9.999999999990479,9.999999999990479,-1,-1
71782,corner.diag,7179,7180,0,0,1,1
71792,corner.diag,7180,7181,9.999999999990479,9.999999999990479,-1,-1
71802,corner.diag,7181,7182,0,0,1,1
71812,corner.diag,7182,7183,9.999999999990479,9.999999999990479,-1,-1
71822,corner.diag,7183,7184,0,0,1,1
71832,corner.diag,7184,7185,9.999999999990479,9.999999999990479,-1,-1
71842,corner.diag,7185,7186,0,0,1,1
71852,corner.diag,7186,7187,9.999999999990479,9.999999999990479,-1,-1
71862,corner.diag,7187,7188,0,0,1,1
71872,corner.diag,7188,7189,9.999999999990479,9.999999999990479,-1,-1
71882,corner.diag,7189,7190,0,0,1,1
71892,corner.diag,7190,7191,9.999999999990479,9.999999999990479,-1,-1
71902,corner.diag,7191,7192,0,0,1,1
71912,corner.diag,7192,7193,9.999999999990479,9.999999999990479,-1,-1
71922,corner.diag,7193,7194,0,0,1,1
71932,corner.diag,7194,7195,9.999999999990479,9.999999999990479,-1,-1
71942,corner.diag,7195,7196,0,0,1,1
71952,corner.diag,7196,7197,9.999999999990479,9.999999999990479,-1,-1
71962,corner.diag,7197,7198,0,0,1,1
71972,corner.diag,7198,7199,9.999999999990479,9.999999999990479,-1,-1
71982,corner.diag,7199,7200,0,0,1,1
71992,corner.diag,7200,7201,9.999999999990479,9.999999999990479,-1,-1
72002,corner.diag,7201,7202,0,0,1,1
72012,corner.diag,7202,7203,9.999999999990479,9.999999999990479,-1,-1
72022,corner.diag,7203,7204,0,0,1,1
72032,corner.diag,7204,7205,9.999999999990479,9.999999999990479,-1,-1
72042,corner.diag,7205,7206,0,0,1,1
72052,corner.diag,7206,7207,9.999999999990479,9.999999999990479,-1,-1
72062,corner.diag,7207,7208,0,0,1,1
72072,corner.diag,7208,7209,9.999999999990479,9.999999999990479,-1,-1
72082,corner.diag,7209,7210,0,0,1,1
72092,corner.diag,7210,7211,9.999999999990479,9.999999999990479,-1,-1
72102,corner.diag,7211,7212,0,0,1,1
72112,corner.diag,7212,7213,9.999999999990479,9.999999999990479,-1,-1
72122,corner.diag,7213,7214,0,0,1,1
72132,corner.diag,7214,7215,9.999999999990479,9.999999999990479,-1,-1
72142,corner.diag,7215,7216,0,0,1,1
72152,corner.diag,7216,7217,9.999999999990479,9.999999999990479,-1,-1
72162,corner.diag,7217,7218,0,0,1,1
72172,corner.diag,7218,7219,9.999999999990479,9.999999999990479,-1,-1
72182,corner.diag,7219,7220,0,0,1,1
72192,corner.diag,7220,7221,9.999999999990479,9.999999999990479,-1,-1
72202,corner.diag,7221,7222,0,0,1,1
72212,corner.diag,7222,7223,9.999999999990479,9.999999999990479,-1,-1
72222,corner.diag,7223,7224,0,0,1,1
72232,corner.diag,7224,7225,9.999999999990479,9.999999999990479,-1,-1
72242,corner.diag,7225,7226,0,0,1,1
72252,corner.diag,7226,7227,9.999999999990479,9.999999999990479,-1,-1
72262,corner.diag,7227,7228,0,0,1,1
72272,corner.diag,7228,7229,9.999999999990479,9.999999999990479,-1,-1
72282,corner.diag,7229,7230,0,0,1,1
72292,corner.diag,7230,7231,9.999999999990479,9.999999999990479,-1,-1
72302,corner.diag,7231,7232,0,0,1,1
72312,corner.diag,7232,7233,9.999999999990479,9.999999999990479,-1,-1
72322,corner.diag,7233,7234,0,0,1,1
72332,corner.diag,7234,7235,9.999999999990479,9.999999999990479,-1,-1
72342,corner.diag,7235,7236,0,0,1,1
72352,corner.diag,7236,7237,9.999999999990479,9.999999999990479,-1,-1
72362,corner.diag,7237,7238,0,0,1,1
72372,corner.diag,7238,7239,9.999999999990479,9.999999999990479,-1,-1
72382,corner.diag,7239,7240,0,0,1,1
72392,corner.diag,7240,7241,9.999999999990479,9.999999999990479,-1,-1
72402,corner.diag,7241,7242,0,0,1,1
72412,corner.diag,7242,7243,9.999999999990479,9.999999999990479,-1,-1
72422,corner.diag,7243,7244,0,0,1,1
72432,corner.diag,7244,7245,9.999999999990479,9.999999999990479,-1,-1
72442,corner.diag,7245,7246,0,0,1,1
72452,corner.diag,7246,7247,9.999999999990479,9.999999999990479,-1,-1
72462,corner.diag,7247,7248,0,0,1,1
72472,corner.diag,7248,7249,9.999999999990479,9.999999999990479,-1,-1
72482,corner.diag,7249,7250,0,0,1,1
72492,corner.diag,7250,7251,9.999999999990479,9.999999999990479,-1,-1
72502,corner.diag,7251,7252,0,0,1,1
72512,corner.diag,7252,7253,9.999999999990479,9.999999999990479,-1,-1
72522,corner.diag,7253,7254,0,0,1,1
72532,corner.diag,7254,7255,9.999999999990479,9.999999999990479,-1,-1
72542,corner.diag,7255,7256,0,0,1,1
72552,corner.diag,7256,7257,9.999999999990479,9.999999999990479,-1,-1
72562,corner.diag,7257,7258,0,0,1,1
72572,corner.diag,7258,7259,9.999999999990479,9.999999999990479,-1,-1
72582,corner.diag,7259,7260,0,0,1,1
72592,corner.diag,7260,7261,9.999999999990479,9.999999999990479,-1,-1
72602,corner.diag,7261,7262,0,0,1,1
72612,corner.diag,7262,7263,9.999999999990479,9.999999999990479,-1,-1
72622,corner.diag,7263,7264,0,0,1,1
72632,corner.diag,7264,7265,9.999999999990479,9.999999999990479,-1,-1
72642,corner.diag,7265,7266,0,0,1,1
72652,corner.diag,7266,7267,9.999999999990479,9.999999999990479,-1,-1
72662,corner.diag,7267,7268,0,0,1,1
72672,corner.diag,7268,7269,9.999999999990479,9.999999999990479,-1,-1
72682,corner.diag,7269,7270,0,0,1,1
72692,corner.diag,7270,7271,9.999999999990479,9.999999999990479,-1,-1
72702,corner.diag,7271,7272,0,0,1,1
72712,corner.diag,7272,7273,9.999999999990479,9.999999999990479,-1,-1
72722,corner.diag,7273,7274,0,0,1,1
72732,corner.diag,7274,7275,9.999999999990479,9.999999999990479,-1,-1
72742,corner.diag,7275,7276,0,0,1,1
72752,corner.diag,7276,7277,9.999999999990479,9.999999999990479,-1,-1
72762,corner.diag,7277,7278,0,0,1,1
72772,corner.diag,7278,7279,9.999999999990479,9.999999999990479,-1,-1
72782,corner.diag,7279,7280,0,0,1,1
72792,corner.diag,7280,7281,9.999999999990479,9.999999999990479,-1,-1
72802,corner.diag,7281,7282,0,0,1,1
72812,corner.diag,7282,7283,9.999999999990479,9.999999999990479,-1,-1
72822,corner.diag,7283,7284,0,0,1,1
72832,corner.diag,7284,7285,9.999999999990479,9.999999999990479,-1,-1
72842,corner.diag,7285,7286,0,0,1,1
72852,corner.diag,7286,7287,9.999999999990479,9.999999999990479,-1,-1
72862,corner.diag,7287,7288,0,0,1,1
72872,corner.diag,7288,7289,9.999999999990479,9.999999999990479,-1,-1
72882,corner.diag,7289,7290,0,0,1,1
72892,corner.diag,7290,7291,9.999999999990479,9.999999999990479,-1,-1
72902,corner.diag,7291,7292,0,0,1,1
72912,corner.diag,7292,7293,9.999999999990479,9.999999999990479,-1,-1
72922,corner.diag,7293,7294,0,0,1,1
72932,corner.diag,7294,7295,9.999999999990479,9.999999999990479,-1,-1
72942,corner.diag,7295,7296,0,0,1,1
72952,corner.diag,7296,7297,9.999999999990479,9.999999999990479,-1,-1
72962,corner.diag,7297,7298,0,0,1,1
72972,corner.diag,7298,7299,9.999999999990479,9.999999999990479,-1,-1
72982,corner.diag,7299,7300,0,0,1,1
72992,corner.diag,7300,7301,9.999999999990479,9.999999999990479,-1,-1
73002,corner.diag,7301,7302,0,0,1,1
73012,corner.diag,7302,7303,9.999999999990479,9.999999999990479,-1,-1
73022,corner.diag,7303,7304,0,0,1,1
73032,corner.diag,7304,7305,9.999999999990479,9.999999999990479,-1,-1
73042,corner.diag,7305,7306,0,0,1,1
73052,corner.diag,7306,7307,9.999999999990479,9.999999999990479,-1,-1
73062,corner.diag,7307,7308,0,0,1,1
73072,corner.diag,7308,7309,9.999999999990479,9.999999999990479,-1,-1
73082,corner.diag,7309,7310,0,0,1,1
73092,corner.diag,7310,7311,9.999999999990479,9.999999999990479,-1,-1
73102,corner.diag,7311,7312,0,0,1,1
73112,corner.diag,7312,7313,9.999999999990479,9.999999999990479,-1,-1
73122,corner.diag,7313,7314,0,0,1,1
73132,corner.diag,7314,7315,9.999999999990479,9.999999999990479,-1,-1
73142,corner.diag,7315,7316,0,0,1,1
73152,corner.diag,7316,7317,9.999999999990479,9.999999999990479,-1,-1
73162,corner.diag,7317,7318,0,0,1,1
73172,corner.diag,7318,7319,9.999999999990479,9.999999999990479,-1,-1
73182,corner.diag,7319,7320,0,0,1,1
73192,corner.diag,7320,7321,9.999999999990479,9.999999999990479,-1,-1
73202,corner.diag,7321,7322,0,0,1,1
73212,corner.diag,7322,7323,9.999999999990479,9.999999999990479,-1,-1
73222,corner.diag,7323,7324,0,0,1,1
73232,corner.diag,7324,7325,9.999999999990479,9.999999999990479,-1,-1
73242,corner.diag,7325,7326,0,0,1,1
73252,corner.diag,7326,7327,9.999999999990479,9.999999999990479,-1,-1
73262,corner.diag,7327,7328,0,0,1,1
73272,corner.diag,7328,7329,9.999999999990479,9.999999999990479,-1,-1
73282,corner.diag,7329,7330,0,0,1,1
73292,corner.diag,7330,7331,9.999999999990479,9.999999999990479,-1,-1
73302,corner.diag,7331,7332,0,0,1,1
73312,corner.diag,7332,7333,9.999999999990479,9.999999999990479,-1,-1
73322,corner.diag,7333,7334,0,0,1,1
73332,corner.diag,7334,7335,9.999999999990479,9.999999999990479,-1,-1
73342,corner.diag,7335,7336,0,0,1,1
73352,corner.diag,7336,7337,9.999999999990479,9.999999999990479,-1,-1
73362,corner.diag,7337,7338,0,0,1,1
73372,corner.diag,7338,7339,9.999999999990479,9.999999999990479,-1,-1
73382,corner.diag,7339,7340,0,0,1,1
73392,corner.diag,7340,7341,9.999999999990479,9.999999999990479,-1,-1
73402,corner.diag,7341,7342,0,0,1,1
73412,corner.diag,7342,7343,9.999999999990479,9.999999999990479,-1,-1
73422,corner.diag,7343,7344,0,0,1,1
73432,corner.diag,7344,7345,9.999999999990479,9.999999999990479,-1,-1
73442,corner.diag,7345,7346,0,0,1,1
73452,corner.diag,7346,7347,9.999999999990479,9.999999999990479,-1,-1
73462,corner.diag,7347,7348,0,0,1,1
73472,corner.diag,7348,7349,9.999999999990479,9.999999999990479,-1,-1
73482,corner.diag,7349,7350,0,0,1,1
73492,corner.diag,7350,7351,9.999999999990479,9.999999999990479,-1,-1
73502,corner.diag,7351,7352,0,0,1,1
73512,corner.diag,7352,7353,9.999999999990479,9.999999999990479,-1,-1
73522,corner.diag,7353,7354,0,0,1,1
73532,corner.diag,7354,7355,9.999999999990479,9.999999999990479,-1,-1
73542,corner.diag,7355,7356,0,0,1,1
73552,corner.diag,7356,7357,9.999999999990479,9.999999999990479,-1,-1
73562,corner.diag,7357,7358,0,0,1,1
73572,corner.diag,7358,7359,9.999999999990479,9.999999999990479,-1,-1
73582,corner.diag,7359,7360,0,0,1,1
73592,corner.diag,7360,7361,9.999999999990479,9.999999999990479,-1,-1
73602,corner.diag,7361,7362,0,0,1,1
73612,corner.diag,7362,7363,9.999999999990479,9.999999999990479,-1,-1
73622,corner.diag,7363,7364,0,0,1,1
73632,corner.diag,7364,7365,9.999999999990479,9.999999999990479,-1,-1
73642,corner.diag,7365,7366,0,0,1,1
73652,corner.diag,7366,7367,9.999999999990479,9.999999999990479,-1,-1
73662,corner.diag,7367,7368,0,0,1,1
73672,corner.diag,7368,7369,9.999999999990479,9.999999999990479,-1,-1
73682,corner.diag,7369,7370,0,0,1,1
73692,corner.diag,7370,7371,9.999999999990479,9.999999999990479,-1,-1
73702,corner.diag,7371,7372,0,0,1,1
73712,corner.diag,7372,7373,9.999999999990479,9.999999999990479,-1,-1
73722,corner.diag,7373,7374,0,0,1,1
73732,corner.diag,7374,7375,9.999999999990479,9.999999999990479,-1,-1
73742,corner.diag,7375,7376,0,0,1,1
73752,corner.diag,7376,7377,9.999999999990479,9.999999999990479,-1,-1
73762,corner.diag,7377,7378,0,0,1,1
73772,corner.diag,7378,7379,9.999999999990479,9.999999999990479,-1,-1
73782,corner.diag,7379,7380,0,0,1,1
73792,corner.diag,7380,7381,9.999999999990479,9.999999999990479,-1,-1
73802,corner.diag,7381,7382,0,0,1,1
73812,corner.diag,7382,7383,9.999999999990479,9.999999999990479,-1,-1
73822,corner.diag,7383,7384,0,0,1,1
73832,corner.diag,7384,7385,9.999999999990479,9.999999999990479,-1,-1
73842,corner.diag,7385,7386,0,0,1,1
73852,corner.diag,7386,7387,9.999999999990479,9.999999999990479,-1,-1
73862,corner.diag,7387,7388,0,0,1,1
73872,corner.diag,7388,7389,9.999999999990479,9.999999999990479,-1,-1
73882,corner.diag,7389,7390,0,0,1,1
73892,corner.diag,7390,7391,9.999999999990479,9.999999999990479,-1,-1
73902,corner.diag,7391,7392,0,0,1,1
73912,corner.diag,7392,7393,9.999999999990479,9.999999999990479,-1,-1
73922,corner.diag,7393,7394,0,0,1,1
73932,corner.diag,7394,7395,9.999999999990479,9.999999999990479,-1,-1
73942,corner.diag,7395,7396,0,0,1,1
73952,corner.diag,7396,7397,9.999999999990479,9.999999999990479,-1,-1
73962,corner.diag,7397,7398,0,0,1,1
73972,corner.diag,7398,7399,9.999999999990479,9.999999999990479,-1,-1
73982,corner.diag,7399,7400,0,0,1,1
73992,corner.diag,7400,7401,9.999999999990479,9.999999999990479,-1,-1
74002,corner.diag,7401,7402,0,0,1,1
74012,corner.diag,7402,7403,9.999999999990479,9.999999999990479,-1,-1
74022,corner.diag,7403,7404,0,0,1,1
74032,corner.diag,7404,7405,9.999999999990479,9.999999999990479,-1,-1
74042,corner.diag,7405,7406,0,0,1,1
74052,corner.diag,7406,7407,9.999999999990479,9.999999999990479,-1,-1
74062,corner.diag,7407,7408,0,0,1,1
74072,corner.diag,7408,7409,9.999999999990479,9.999999999990479,-1,-1
74082,corner.diag,7409,7410,0,0,1,1
74092,corner.diag,7410,7411,9.999999999990479,9.999999999990479,-1,-1
74102,corner.diag,7411,7412,0,0,1,1
74112,corner.diag,7412,7413,9.999999999990479,9.999999999990479,-1,-1
74122,corner.diag,7413,7414,0,0,1,1
74132,corner.diag,7414,7415,9.999999999990479,9.999999999990479,-1,-1
74142,corner.diag,7415,7416,0,0,1,1
74152,corner.diag,7416,7417,9.999999999990479,9.999999999990479,-1,-1
74162,corner.diag,7417,7418,0,0,1,1
74172,corner.diag,7418,7419,9.999999999990479,9.999999999990479,-1,-1
74182,corner.diag,7419,7420,0,0,1,1
74192,corner.diag,7420,7421,9.999999999990479,9.999999999990479,-1,-1
74202,corner.diag,7421,7422,0,0,1,1
74212,corner.diag,7422,7423,9.999999999990479,9.999999999990479,-1,-1
74222,corner.diag,7423,7424,0,0,1,1
74232,corner.diag,7424,7425,9.999999999990479,9.999999999990479,-1,-1
74242,corner.diag,7425,7426,0,0,1,1
74252,corner.diag,7426,7427,9.999999999990479,9.999999999990479,-1,-1
74262,corner.diag,7427,7428,0,0,1,1
74272,corner.diag,7428,7429,9.999999999990479,9.999999999990479,-1,-1
74282,corner.diag,7429,7430,0,0,1,1
74292,corner.diag,7430,7431,9.999999999990479,9.999999999990479,-1,-1
74302,corner.diag,7431,7432,0,0,1,1
74312,corner.diag,7432,7433,9.999999999990479,9.999999999990479,-1,-1
74322,corner.diag,7433,7434,0,0,1,1
74332,corner.diag,7434,7435,9.999999999990479,9.999999999990479,-1,-1
74342,corner.diag,7435,7436,0,0,1,1
74352,corner.diag,7436,7437,9.999999999990479,9.999999999990479,-1,-1
74362,corner.diag,7437,7438,0,0,1,1
74372,corner.diag,7438,7439,9.999999999990479,9.999999999990479,-1,-1
74382,corner.diag,7439,7440,0,0,1,1
74392,corner.diag,7440,7441,9.999999999990479,9.999999999990479,-1,-1
74402,corner.diag,7441,7442,0,0,1,1
74412,corner.diag,7442,7443,9.999999999990479,9.999999999990479,-1,-1
74422,corner.diag,7443,7444,0,0,1,1
74432,corner.diag,7444,7445,9.999999999990479,9.999999999990479,-1,-1
74442,corner.diag,7445,7446,0,0,1,1
74452,corner.diag,7446,7447,9.999999999990479,9.999999999990479,-1,-1
74462,corner.diag,7447,7448,0,0,1,1
74472,corner.diag,7448,7449,9.999999999990479,9.999999999990479,-1,-1
74482,corner.diag,7449,7450,0,0,1,1
74492,corner.diag,7450,7451,9.999999999990479,9.999999999990479,-1,-1
74502,corner.diag,7451,7452,0,0,1,1
74512,corner.diag,7452,7453,9.999999999990479,9.999999999990479,-1,-1
74522,corner.diag,7453,7454,0,0,1,1
74532,corner.diag,7454,7455,9.999999999990479,9.999999999990479,-1,-1
74542,corner.diag,7455,7456,0,0,1,1
74552,corner.diag,7456,7457,9.999999999990479,9.999999999990479,-1,-1
74562,corner.diag,7457,7458,0,0,1,1
74572,corner.diag,7458,7459,9.999999999990479,9.999999999990479,-1,-1
74582,corner.diag,7459,7460,0,0,1,1
74592,corner.diag,7460,7461,9.999999999990479,9.999999999990479,-1,-1
74602,corner.diag,7461,7462,0,0,1,1
74612,corner.diag,7462,7463,9.999999999990479,9.999999999990479,-1,-1
74622,corner.diag,7463,7464,0,0,1,1
74632,corner.diag,7464,7465,9.999999999990479,9.999999999990479,-1,-1
74642,corner.diag,7465,7466,0,0,1,1
74652,corner.diag,7466,7467,9.999999999990479,9.999999999990479,-1,-1
74662,corner.diag,7467,7468,0,0,1,1
74672,corner.diag,7468,7469,9.999999999990479,9.999999999990479,-1,-1
74682,corner.diag,7469,7470,0,0,1,1
74692,corner.diag,7470,7471,9.999999999990479,9.999999999990479,-1,-1
74702,corner.diag,7471,7472,0,0,1,1
74712,corner.diag,7472,7473,9.999999999990479,9.999999999990479,-1,-1
74722,corner.diag,7473,7474,0,0,1,1
74732,corner.diag,7474,7475,9.999999999990479,9.999999999990479,-1,-1
74742,corner.diag,7475,7476,0,0,1,1
74752,corner.diag,7476,7477,9.999999999990479,9.999999999990479,-1,-1
74762,corner.diag,7477,7478,0,0,1,1
74772,corner.diag,7478,7479,9.999999999990479,9.999999999990479,-1,-1
74782,corner.diag,7479,7480,0,0,1,1
74792,corner.diag,7480,7481,9.999999999990479,9.999999999990479,-1,-1
74802,corner.diag,7481,7482,0,0,1,1
74812,corner.diag,7482,7483,9.999999999990479,9.999999999990479,-1,-1
74822,corner.diag,7483,7484,0,0,1,1
74832,corner.diag,7484,7485,9.999999999990479,9.999999999990479,-1,-1
74842,corner.diag,7485,7486,0,0,1,1
74852,corner.diag,7486,7487,9.999999999990479,9.999999999990479,-1,-1
74862,corner.diag,7487,7488,0,0,1,1
74872,corner.diag,7488,7489,9.999999999990479,9.999999999990479,-1,-1
74882,corner.diag,7489,7490,0,0,1,1
74892,corner.diag,7490,7491,9.999999999990479,9.999999999990479,-1,-1
74902,corner.diag,7491,7492,0,0,1,1
74912,corner.diag,7492,7493,9.999999999990479,9.999999999990479,-1,-1
74922,corner.diag,7493,7494,0,0,1,1
74932,corner.diag,7494,7495,9.999999999990479,9.999999999990479,-1,-1
74942,corner.diag,7495,7496,0,0,1,1
74952,corner.diag,7496,7497,9.999999999990479,9.999999999990479,-1,-1
74962,corner.diag,7497,7498,0,0,1,1
74972,corner.diag,7498,7499,9.999999999990479,9.999999999990479,-1,-1
74982,corner.diag,7499,7500,0,0,1,1
74992,corner.diag,7500,7501,9.999999999990479,9.999999999990479,-1,-1
75002,corner.diag,7501,7502,0,0,1,1
75012,corner.diag,7502,7503,9.999999999990479,9.999999999990479,-1,-1
75022,corner.diag,7503,7504,0,0,1,1
75032,corner.diag,7504,7505,9.999999999990479,9.999999999990479,-1,-1
75042,corner.diag,7505,7506,0,0,1,1
75052,corner.diag,7506,7507,9.999999999990479,9.999999999990479,-1,-1
75062,corner.diag,7507,7508,0,0,1,1
75072,corner.diag,7508,7509,9.999999999990479,9.999999999990479,-1,-1
75082,corner.diag,7509,7510,0,0,1,1
75092,corner.diag,7510,7511,9.999999999990479,9.999999999990479,-1,-1
75102,corner.diag,7511,7512,0,0,1,1
75112,corner.diag,7512,7513,9.999999999990479,9.999999999990479,-1,-1
75122,corner.diag,7513,7514,0,0,1,1
75132,corner.diag,7514,7515,9.999999999990479,9.999999999990479,-1,-1
75142,corner.diag,7515,7516,0,0,1,1
75152,corner.diag,7516,7517,9.999999999990479,9.999999999990479,-1,-1
75162,corner.diag,7517,7518,0,0,1,1
75172,corner.diag,7518,7519,9.999999999990479,9.999999999990479,-1,-1
75182,corner.diag,7519,7520,0,0,1,1
75192,corner.diag,7520,7521,9.999999999990479,9.999999999990479,-1,-1
75202,corner.diag,7521,7522,0,0,1,1
75212,corner.diag,7522,7523,9.999999999990479,9.999999999990479,-1,-1
75222,corner.diag,7523,7524,0,0,1,1
75232,corner.diag,7524,7525,9.999999999990479,9.999999999990479,-1,-1
75242,corner.diag,7525,7526,0,0,1,1
75252,corner.diag,7526,7527,9.999999999990479,9.999999999990479,-1,-1
75262,corner.diag,7527,7528,0,0,1,1
75272,corner.diag,7528,7529,9.999999999990479,9.999999999990479,-1,-1
75282,corner.diag,7529,7530,0,0,1,1
75292,corner.diag,7530,7531,9.999999999990479,9.999999999990479,-1,-1
75302,corner.diag,7531,7532,0,0,1,1
75312,corner.diag,7532,7533,9.999999999990479,9.999999999990479,-1,-1
75322,corner.diag,7533,7534,0,0,1,1
75332,corner.diag,7534,7535,9.999999999990479,9.999999999990479,-1,-1
75342,corner.diag,7535,7536,0,0,1,1
75352,corner.diag,7536,7537,9.999999999990479,9.999999999990479,-1,-1
75362,corner.diag,7537,7538,0,0,1,1
75372,corner.diag,7538,7539,9.999999999990479,9.999999999990479,-1,-1
75382,corner.diag,7539,7540,0,0,1,1
75392,corner.diag,7540,7541,9.999999999990479,9.999999999990479,-1,-1
75402,corner.diag,7541,7542,0,0,1,1
75412,corner.diag,7542,7543,9.999999999990479,9.999999999990479,-1,-1
75422,corner.diag,7543,7544,0,0,1,1
75432,corner.diag,7544,7545,9.999999999990479,9.999999999990479,-1,-1
75442,corner.diag,7545,7546,0,0,1,1
75452,corner.diag,7546,7547,9.999999999990479,9.999999999990479,-1,-1
75462,corner.diag,7547,7548,0,0,1,1
75472,corner.diag,7548,7549,9.999999999990479,9.999999999990479,-1,-1
75482,corner.diag,7549,7550,0,0,1,1
75492,corner.diag,7550,7551,9.999999999990479,9.999999999990479,-1,-1
75502,corner.diag,7551,7552,0,0,1,1
75512,corner.diag,7552,7553,9.999999999990479,9.999999999990479,-1,-1
75522,corner.diag,7553,7554,0,0,1,1
75532,corner.diag,7554,7555,9.999999999990479,9.999999999990479,-1,-1
75542,corner.diag,7555,7556,0,0,1,1
75552,corner.diag,7556,7557,9.999999999990479,9.999999999990479,-1,-1
75562,corner.diag,7557,7558,0,0,1,1
75572,corner.diag,7558,7559,9.999999999990479,9.999999999990479,-1,-1
75582,corner.diag,7559,7560,0,0,1,1
75592,corner.diag,7560,7561,9.999999999990479,9.999999999990479,-1,-1
75602,corner.diag,7561,7562,0,0,1,1
75612,corner.diag,7562,7563,9.999999999990479,9.999999999990479,-1,-1
75622,corner.diag,7563,7564,0,0,1,1
75632,corner.diag,7564,7565,9.999999999990479,9.999999999990479,-1,-1
75642,corner.diag,7565,7566,0,0,1,1
75652,corner.diag,7566,7567,9.999999999990479,9.999999999990479,-1,-1
75662,corner.diag,7567,7568,0,0,1,1
75672,corner.diag,7568,7569,9.999999999990479,9.999999999990479,-1,-1
75682,corner.diag,7569,7570,0,0,1,1
75692,corner.diag,7570,7571,9.999999999990479,9.999999999990479,-1,-1
75702,corner.diag,7571,7572,0,0,1,1
75712,corner.diag,7572,7573,9.999999999990479,9.999999999990479,-1,-1
75722,corner.diag,7573,7574,0,0,1,1
75732,corner.diag,7574,7575,9.999999999990479,9.999999999990479,-1,-1
75742,corner.diag,7575,7576,0,0,1,1
75752,corner.diag,7576,7577,9.999999999990479,9.999999999990479,-1,-1
75762,corner.diag,7577,7578,0,0,1,1
75772,corner.diag,7578,7579,9.999999999990479,9.999999999990479,-1,-1
75782,corner.diag,7579,7580,0,0,1,1
75792,corner.diag,7580,7581,9.999999999990479,9.999999999990479,-1,-1
75802,corner.diag,7581,7582,0,0,1,1
75812,corner.diag,7582,7583,9.999999999990479,9.999999999990479,-1,-1
75822,corner.diag,7583,7584,0,0,1,1
75832,corner.diag,7584,7585,9.999999999990479,9.999999999990479,-1,-1
75842,corner.diag,7585,7586,0,0,1,1
75852,corner.diag,7586,7587,9.999999999990479,9.999999999990479,-1,-1
75862,corner.diag,7587,7588,0,0,1,1
75872,corner.diag,7588,7589,9.999999999990479,9.999999999990479,-1,-1
75882,corner.diag,7589,7590,0,0,1,1
75892,corner.diag,7590,7591,9.999999999990479,9.999999999990479,-1,-1
75902,corner.diag,7591,7592,0,0,1,1
75912,corner.diag,7592,7593,9.999999999990479,9.999999999990479,-1,-1
75922,corner.diag,7593,7594,0,0,1,1
75932,corner.diag,7594,7595,9.999999999990479,9.999999999990479,-1,-1
75942,corner.diag,7595,7596,0,0,1,1
75952,corner.diag,7596,7597,9.999999999990479,9.999999999990479,-1,-1
75962,corner.diag,7597,7598,0,0,1,1
75972,corner.diag,7598,7599,9.999999999990479,9.999999999990479,-1,-1
75982,corner.diag,7599,7600,0,0,1,1
75992,corner.diag,7600,7601,9.999999999990479,9.999999999990479,-1,-1
76002,corner.diag,7601,7602,0,0,1,1
76012,corner.diag,7602,7603,9.999999999990479,9.999999999990479,-1,-1
76022,corner.diag,7603,7604,0,0,1,1
76032,corner.diag,7604,7605,9.999999999990479,9.999999999990479,-1,-1
76042,corner.diag,7605,7606,0,0,1,1
76052,corner.diag,7606,7607,9.999999999990479,9.999999999990479,-1,-1
76062,corner.diag,7607,7608,0,0,1,1
76072,corner.diag,7608,7609,9.999999999990479,9.999999999990479,-1,-1
76082,corner.diag,7609,7610,0,0,1,1
76092,corner.diag,7610,7611,9.999999999990479,9.999999999990479,-1,-1
76102,corner.diag,7611,7612,0,0,1,1
76112,corner.diag,7612,7613,9.999999999990479,9.999999999990479,-1,-1
76122,corner.diag,7613,7614,0,0,1,1
76132,corner.diag,7614,7615,9.999999999990479,9.999999999990479,-1,-1
76142,corner.diag,7615,7616,0,0,1,1
76152,corner.diag,7616,7617,9.999999999990479,9.999999999990479,-1,-1
76162,corner.diag,7617,7618,0,0,1,1
76172,corner.diag,7618,7619,9.999999999990479,9.999999999990479,-1,-1
76182,corner.diag,7619,7620,0,0,1,1
76192,corner.diag,7620,7621,9.999999999990479,9.999999999990479,-1,-1
76202,corner.diag,7621,7622,0,0,1,1
76212,corner.diag,7622,7623,9.999999999990479,9.999999999990479,-1,-1
76222,corner.diag,7623,7624,0,0,1,1
76232,corner.diag,7624,7625,9.999999999990479,9.999999999990479,-1,-1
76242,corner.diag,7625,7626,0,0,1,1
76252,corner.diag,7626,7627,9.999999999990479,9.999999999990479,-1,-1
76262,corner.diag,7627,7628,0,0,1,1
76272,corner.diag,7628,7629,9.999999999990479,9.999999999990479,-1,-1
76282,corner.diag,7629,7630,0,0,1,1
76292,corner.diag,7630,7631,9.999999999990479,9.999999999990479,-1,-1
76302,corner.diag,7631,7632,0,0,1,1
76312,corner.diag,7632,7633,9.999999999990479,9.999999999990479,-1,-1
76322,corner.diag,7633,7634,0,0,1,1
76332,corner.diag,7634,7635,9.999999999990479,9.999999999990479,-1,-1
76342,corner.diag,7635,7636,0,0,1,1
76352,corner.diag,7636,7637,9.999999999990479,9.999999999990479,-1,-1
76362,corner.diag,7637,7638,0,0,1,1
76372,corner.diag,7638,7639,9.999999999990479,9.999999999990479,-1,-1
76382,corner.diag,7639,7640,0,0,1,1
76392,corner.diag,7640,7641,9.999999999990479,9.999999999990479,-1,-1
76402,corner.diag,7641,7642,0,0,1,1
76412,corner.diag,7642,7643,9.999999999990479,9.999999999990479,-1,-1
76422,corner.diag,7643,7644,0,0,1,1
76432,corner.diag,7644,7645,9.999999999990479,9.999999999990479,-1,-1
76442,corner.diag,7645,7646,0,0,1,1
76452,corner.diag,7646,7647,9.999999999990479,9.999999999990479,-1,-1
76462,corner.diag,7647,7648,0,0,1,1
76472,corner.diag,7648,7649,9.999999999990479,9.999999999990479,-1,-1
76482,corner.diag,7649,7650,0,0,1,1
76492,corner.diag,7650,7651,9.999999999990479,9.999999999990479,-1,-1
76502,corner.diag,7651,7652,0,0,1,1
76512,corner.diag,7652,7653,9.999999999990479,9.999999999990479,-1,-1
76522,corner.diag,7653,7654,0,0,1,1
76532,corner.diag,7654,7655,9.999999999990479,9.999999999990479,-1,-1
76542,corner.diag,7655,7656,0,0,1,1
76552,corner.diag,7656,7657,9.999999999990479,9.999999999990479,-1,-1
76562,corner.diag,7657,7658,0,0,1,1
76572,corner.diag,7658,7659,9.999999999990479,9.999999999990479,-1,-1
76582,corner.diag,7659,7660,0,0,1,1
76592,corner.diag,7660,7661,9.999999999990479,9.999999999990479,-1,-1
76602,corner.diag,7661,7662,0,0,1,1
76612,corner.diag,7662,7663,9.999999999990479,9.999999999990479,-1,-1
76622,corner.diag,7663,7664,0,0,1,1
76632,corner.diag,7664,7665,9.999999999990479,9.999999999990479,-1,-1
76642,corner.diag,7665,7666,0,0,1,1
76652,corner.diag,7666,7667,9.999999999990479,9.999999999990479,-1,-1
76662,corner.diag,7667,7668,0,0,1,1
76672,corner.diag,7668,7669,9.999999999990479,9.999999999990479,-1,-1
76682,corner.diag,7669,7670,0,0,1,1
76692,corner.diag,7670,7671,9.999999999990479,9.999999999990479,-1,-1
76702,corner.diag,7671,7672,0,0,1,1
76712,corner.diag,7672,7673,9.999999999990479,9.999999999990479,-1,-1
76722,corner.diag,7673,7674,0,0,1,1
76732,corner.diag,7674,7675,9.999999999990479,9.999999999990479,-1,-1
76742,corner.diag,7675,7676,0,0,1,1
76752,corner.diag,7676,7677,9.999999999990479,9.999999999990479,-1,-1
76762,corner.diag,7677,7678,0,0,1,1
76772,corner.diag,7678,7679,9.999999999990479,9.999999999990479,-1,-1
76782,corner.diag,7679,7680,0,0,1,1
76792,corner.diag,7680,7681,9.999999999990479,9.999999999990479,-1,-1
76802,corner.diag,7681,7682,0,0,1,1
76812,corner.diag,7682,7683,9.999999999990479,9.999999999990479,-1,-1
76822,corner.diag,7683,7684,0,0,1,1
76832,corner.diag,7684,7685,9.999999999990479,9.999999999990479,-1,-1
76842,corner.diag,7685,7686,0,0,1,1
76852,corner.diag,7686,7687,9.999999999990479,9.999999999990479,-1,-1
76862,corner.diag,7687,7688,0,0,1,1
76872,corner.diag,7688,7689,9.999999999990479,9.999999999990479,-1,-1
76882,corner.diag,7689,7690,0,0,1,1
76892,corner.diag,7690,7691,9.999999999990479,9.999999999990479,-1,-1
76902,corner.diag,7691,7692,0,0,1,1
76912,corner.diag,7692,7693,9.999999999990479,9.999999999990479,-1,-1
76922,corner.diag,7693,7694,0,0,1,1
76932,corner.diag,7694,7695,9.999999999990479,9.999999999990479,-1,-1
76942,corner.diag,7695,7696,0,0,1,1
76952,corner.diag,7696,7697,9.999999999990479,9.999999999990479,-1,-1
76962,corner.diag,7697,7698,0,0,1,1
76972,corner.diag,7698,7699,9.999999999990479,9.999999999990479,-1,-1
76982,corner.diag,7699,7700,0,0,1,1
76992,corner.diag,7700,7701,9.999999999990479,9.999999999990479,-1,-1
77002,corner.diag,7701,7702,0,0,1,1
77012,corner.diag,7702,7703,9.999999999990479,9.999999999990479,-1,-1
77022,corner.diag,7703,7704,0,0,1,1
77032,corner.diag,7704,7705,9.999999999990479,9.999999999990479,-1,-1
77042,corner.diag,7705,7706,0,0,1,1
77052,corner.diag,7706,7707,9.999999999990479,9.999999999990479,-1,-1
77062,corner.diag,7707,7708,0,0,1,1
77072,corner.diag,7708,7709,9.999999999990479,9.999999999990479,-1,-1
77082,corner.diag,7709,7710,0,0,1,1
77092,corner.diag,7710,7711,9.999999999990479,9.999999999990479,-1,-1
77102,corner.diag,7711,7712,0,0,1,1
77112,corner.diag,7712,7713,9.999999999990479,9.999999999990479,-1,-1
77122,corner.diag,7713,7714,0,0,1,1
77132,corner.diag,7714,7715,9.999999999990479,9.999999999990479,-1,-1
77142,corner.diag,7715,7716,0,0,1,1
77152,corner.diag,7716,7717,9.999999999990479,9.999999999990479,-1,-1
77162,corner.diag,7717,7718,0,0,1,1
77172,corner.diag,7718,7719,9.999999999990479,9.999999999990479,-1,-1
77182,corner.diag,7719,7720,0,0,1,1
77192,corner.diag,7720,7721,9.999999999990479,9.999999999990479,-1,-1
77202,corner.diag,7721,7722,0,0,1,1
77212,corner.diag,7722,7723,9.999999999990479,9.999999999990479,-1,-1
77222,corner.diag,7723,7724,0,0,1,1
77232,corner.diag,7724,7725,9.999999999990479,9.999999999990479,-1,-1
77242,corner.diag,7725,7726,0,0,1,1
77252,corner.diag,7726,7727,9.999999999990479,9.999999999990479,-1,-1
77262,corner.diag,7727,7728,0,0,1,1
77272,corner.diag,7728,7729,9.999999999990479,9.999999999990479,-1,-1
77282,corner.diag,7729,7730,0,0,1,1
77292,corner.diag,7730,7731,9.999999999990479,9.999999999990479,-1,-1
77302,corner.diag,7731,7732,0,0,1,1
77312,corner.diag,7732,7733,9.999999999990479,9.999999999990479,-1,-1
77322,corner.diag,7733,7734,0,0,1,1
77332,corner.diag,7734,7735,9.999999999990479,9.999999999990479,-1,-1
77342,corner.diag,7735,7736,0,0,1,1
77352,corner.diag,7736,7737,9.999999999990479,9.999999999990479,-1,-1
77362,corner.diag,7737,7738,0,0,1,1
77372,corner.diag,7738,7739,9.999999999990479,9.999999999990479,-1,-1
77382,corner.diag,7739,7740,0,0,1,1
77392,corner.diag,7740,7741,9.999999999990479,9.999999999990479,-1,-1
77402,corner.diag,7741,7742,0,0,1,1
77412,corner.diag,7742,7743,9.999999999990479,9.999999999990479,-1,-1
77422,corner.diag,7743,7744,0,0,1,1
77432,corner.diag,7744,7745,9.999999999990479,9.999999999990479,-1,-1
77442,corner.diag,7745,7746,0,0,1,1
77452,corner.diag,7746,7747,9.999999999990479,9.999999999990479,-1,-1
77462,corner.diag,7747,7748,0,0,1,1
77472,corner.diag,7748,7749,9.999999999990479,9.999999999990479,-1,-1
77482,corner.diag,7749,7750,0,0,1,1
77492,corner.diag,7750,7751,9.999999999990479,9.999999999990479,-1,-1
77502,corner.diag,7751,7752,0,0,1,1
77512,corner.diag,7752,7753,9.999999999990479,9.999999999990479,-1,-1
77522,corner.diag,7753,7754,0,0,1,1
77532,corner.diag,7754,7755,9.999999999990479,9.999999999990479,-1,-1
77542,corner.diag,7755,7756,0,0,1,1
77552,corner.diag,7756,7757,9.999999999990479,9.999999999990479,-1,-1
77562,corner.diag,7757,7758,0,0,1,1
77572,corner.diag,7758,7759,9.999999999990479,9.999999999990479,-1,-1
77582,corner.diag,7759,7760,0,0,1,1
77592,corner.diag,7760,7761,9.999999999990479,9.999999999990479,-1,-1
77602,corner.diag,7761,7762,0,0,1,1
77612,corner.diag,7762,7763,9.999999999990479,9.999999999990479,-1,-1
77622,corner.diag,7763,7764,0,0,1,1
77632,corner.diag,7764,7765,9.999999999990479,9.999999999990479,-1,-1
77642,corner.diag,7765,7766,0,0,1,1
77652,corner.diag,7766,7767,9.999999999990479,9.999999999990479,-1,-1
77662,corner.diag,7767,7768,0,0,1,1
77672,corner.diag,7768,7769,9.999999999990479,9.999999999990479,-1,-1
77682,corner.diag,7769,7770,0,0,1,1
77692,corner.diag,7770,7771,9.999999999990479,9.999999999990479,-1,-1
77702,corner.diag,7771,7772,0,0,1,1
77712,corner.diag,7772,7773,9.999999999990479,9.999999999990479,-1,-1
77722,corner.diag,7773,7774,0,0,1,1
77732,corner.diag,7774,7775,9.999999999990479,9.999999999990479,-1,-1
77742,corner.diag,7775,7776,0,0,1,1
77752,corner.diag,7776,7777,9.999999999990479,9.999999999990479,-1,-1
77762,corner.diag,7777,7778,0,0,1,1
77772,corner.diag,7778,7779,9.999999999990479,9.999999999990479,-1,-1
77782,corner.diag,7779,7780,0,0,1,1
77792,corner.diag,7780,7781,9.999999999990479,9.999999999990479,-1,-1
77802,corner.diag,7781,7782,0,0,1,1
77812,corner.diag,7782,7783,9.999999999990479,9.999999999990479,-1,-1
77822,corner.diag,7783,7784,0,0,1,1
77832,corner.diag,7784,7785,9.999999999990479,9.999999999990479,-1,-1
77842,corner.diag,7785,7786,0,0,1,1
77852,corner.diag,7786,7787,9.999999999990479,9.999999999990479,-1,-1
77862,corner.diag,7787,7788,0,0,1,1
77872,corner.diag,7788,7789,9.999999999990479,9.999999999990479,-1,-1
77882,corner.diag,7789,7790,0,0,1,1
77892,corner.diag,7790,7791,9.999999999990479,9.999999999990479,-1,-1
77902,corner.diag,7791,7792,0,0,1,1
77912,corner.diag,7792,7793,9.999999999990479,9.999999999990479,-1,-1
77922,corner.diag,7793,7794,0,0,1,1
77932,corner.diag,7794,7795,9.999999999990479,9.999999999990479,-1,-1
77942,corner.diag,7795,7796,0,0,1,1
77952,corner.diag,7796,7797,9.999999999990479,9.999999999990479,-1,-1
77962,corner.diag,7797,7798,0,0,1,1
77972,corner.diag,7798,7799,9.999999999990479,9.999999999990479,-1,-1
77982,corner.diag,7799,7800,0,0,1,1
77992,corner.diag,7800,7801,9.999999999990479,9.999999999990479,-1,-1
78002,corner.diag,7801,7802,0,0,1,1
78012,corner.diag,7802,7803,9.999999999990479,9.999999999990479,-1,-1
78022,corner.diag,7803,7804,0,0,1,1
78032,corner.diag,7804,7805,9.999999999990479,9.999999999990479,-1,-1
78042,corner.diag,7805,7806,0,0,1,1
78052,corner.diag,7806,7807,9.999999999990479,9.999999999990479,-1,-1
78062,corner.diag,7807,7808,0,0,1,1
78072,corner.diag,7808,7809,9.999999999990479,9.999999999990479,-1,-1
78082,corner.diag,7809,7810,0,0,1,1
78092,corner.diag,7810,7811,9.999999999990479,9.999999999990479,-1,-1
78102,corner.diag,7811,7812,0,0,1,1
78112,corner.diag,7812,7813,9.999999999990479,9.999999999990479,-1,-1
78122,corner.diag,7813,7814,0,0,1,1
78132,corner.diag,7814,7815,9.999999999990479,9.999999999990479,-1,-1
78142,corner.diag,7815,7816,0,0,1,1
78152,corner.diag,7816,7817,9.999999999990479,9.999999999990479,-1,-1
78162,corner.diag,7817,7818,0,0,1,1
78172,corner.diag,7818,7819,9.999999999990479,9.999999999990479,-1,-1
78182,corner.diag,7819,7820,0,0,1,1
78192,corner.diag,7820,7821,9.999999999990479,9.999999999990479,-1,-1
78202,corner.diag,7821,7822,0,0,1,1
78212,corner.diag,7822,7823,9.999999999990479,9.999999999990479,-1,-1
78222,corner.diag,7823,7824,0,0,1,1
78232,corner.diag,7824,7825,9.999999999990479,9.999999999990479,-1,-1
78242,corner.diag,7825,7826,0,0,1,1
78252,corner.diag,7826,7827,9.999999999990479,9.999999999990479,-1,-1
78262,corner.diag,7827,7828,0,0,1,1
78272,corner.diag,7828,7829,9.999999999990479,9.999999999990479,-1,-1
78282,corner.diag,7829,7830,0,0,1,1
78292,corner.diag,7830,7831,9.999999999990479,9.999999999990479,-1,-1
78302,corner.diag,7831,7832,0,0,1,1
78312,corner.diag,7832,7833,9.999999999990479,9.999999999990479,-1,-1
78322,corner.diag,7833,7834,0,0,1,1
78332,corner.diag,7834,7835,9.999999999990479,9.999999999990479,-1,-1
78342,corner.diag,7835,7836,0,0,1,1
78352,corner.diag,7836,7837,9.999999999990479,9.999999999990479,-1,-1
78362,corner.diag,7837,7838,0,0,1,1
78372,corner.diag,7838,7839,9.999999999990479,9.999999999990479,-1,-1
78382,corner.diag,7839,7840,0,0,1,1
78392,corner.diag,7840,7841,9.999999999990479,9.999999999990479,-1,-1
78402,corner.diag,7841,7842,0,0,1,1
78412,corner.diag,7842,7843,9.999999999990479,9.999999999990479,-1,-1
78422,corner.diag,7843,7844,0,0,1,1
78432,corner.diag,7844,7845,9.999999999990479,9.999999999990479,-1,-1
78442,corner.diag,7845,7846,0,0,1,1
78452,corner.diag,7846,7847,9.999999999990479,9.999999999990479,-1,-1
78462,corner.diag,7847,7848,0,0,1,1
78472,corner.diag,7848,7849,9.999999999990479,9.999999999990479,-1,-1
78482,corner.diag,7849,7850,0,0,1,1
78492,corner.diag,7850,7851,9.999999999990479,9.999999999990479,-1,-1
78502,corner.diag,7851,7852,0,0,1,1
78512,corner.diag,7852,7853,9.999999999990479,9.999999999990479,-1,-1
78522,corner.diag,7853,7854,0,0,1,1
78532,corner.diag,7854,7855,9.999999999990479,9.999999999990479,-1,-1
78542,corner.diag,7855,7856,0,0,1,1
78552,corner.diag,7856,7857,9.999999999990479,9.999999999990479,-1,-1
78562,corner.diag,7857,7858,0,0,1,1
78572,corner.diag,7858,7859,9.999999999990479,9.999999999990479,-1,-1
78582,corner.diag,7859,7860,0,0,1,1
78592,corner.diag,7860,7861,9.999999999990479,9.999999999990479,-1,-1
78602,corner.diag,7861,7862,0,0,1,1
78612,corner.diag,7862,7863,9.999999999990479,9.999999999990479,-1,-1
78622,corner.diag,7863,7864,0,0,1,1
78632,corner.diag,7864,7865,9.999999999990479,9.999999999990479,-1,-1
78642,corner.diag,7865,7866,0,0,1,1
78652,corner.diag,7866,7867,9.999999999990479,9.999999999990479,-1,-1
78662,corner.diag,7867,7868,0,0,1,1
78672,corner.diag,7868,7869,9.999999999990479,9.999999999990479,-1,-1
78682,corner.diag,7869,7870,0,0,1,1
78692,corner.diag,7870,7871,9.999999999990479,9.999999999990479,-1,-1
78702,corner.diag,7871,7872,0,0,1,1
78712,corner.diag,7872,7873,9.999999999990479,9.999999999990479,-1,-1
78722,corner.diag,7873,7874,0,0,1,1
78732,corner.diag,7874,7875,9.999999999990479,9.999999999990479,-1,-1
78742,corner.diag,7875,7876,0,0,1,1
78752,corner.diag,7876,7877,9.999999999990479,9.999999999990479,-1,-1
78762,corner.diag,7877,7878,0,0,1,1
78772,corner.diag,7878,7879,9.999999999990479,9.999999999990479,-1,-1
78782,corner.diag,7879,7880,0,0,1,1
78792,corner.diag,7880,7881,9.999999999990479,9.999999999990479,-1,-1
78802,corner.diag,7881,7882,0,0,1,1
78812,corner.diag,7882,7883,9.999999999990479,9.999999999990479,-1,-1
78822,corner.diag,7883,7884,0,0,1,1
78832,corner.diag,7884,7885,9.999999999990479,9.999999999990479,-1,-1
78842,corner.diag,7885,7886,0,0,1,1
78852,corner.diag,7886,7887,9.999999999990479,9.999999999990479,-1,-1
78862,corner.diag,7887,7888,0,0,1,1
78872,corner.diag,7888,7889,9.999999999990479,9.999999999990479,-1,-1
78882,corner.diag,7889,7890,0,0,1,1
78892,corner.diag,7890,7891,9.999999999990479,9.999999999990479,-1,-1
78902,corner.diag,7891,7892,0,0,1,1
78912,corner.diag,7892,7893,9.999999999990479,9.999999999990479,-1,-1
78922,corner.diag,7893,7894,0,0,1,1
78932,corner.diag,7894,7895,9.999999999990479,9.999999999990479,-1,-1
78942,corner.diag,7895,7896,0,0,1,1
78952,corner.diag,7896,7897,9.999999999990479,9.999999999990479,-1,-1
78962,corner.diag,7897,7898,0,0,1,1
78972,corner.diag,7898,7899,9.999999999990479,9.999999999990479,-1,-1
78982,corner.diag,7899,7900,0,0,1,1
78992,corner.diag,7900,7901,9.999999999990479,9.999999999990479,-1,-1
79002,corner.diag,7901,7902,0,0,1,1
79012,corner.diag,7902,7903,9.999999999990479,9.999999999990479,-1,-1
79022,corner.diag,7903,7904,0,0,1,1
79032,corner.diag,7904,7905,9.999999999990479,9.999999999990479,-1,-1
79042,corner.diag,7905,7906,0,0,1,1
79052,corner.diag,7906,7907,9.999999999990479,9.999999999990479,-1,-1
79062,corner.diag,7907,7908,0,0,1,1
79072,corner.diag,7908,7909,9.999999999990479,9.999999999990479,-1,-1
79082,corner.diag,7909,7910,0,0,1,1
79092,corner.diag,7910,7911,9.999999999990479,9.999999999990479,-1,-1
79102,corner.diag,7911,7912,0,0,1,1
79112,corner.diag,7912,7913,9.999999999990479,9.999999999990479,-1,-1
79122,corner.diag,7913,7914,0,0,1,1
79132,corner.diag,7914,7915,9.999999999990479,9.999999999990479,-1,-1
79142,corner.diag,7915,7916,0,0,1,1
79152,corner.diag,7916,7917,9.999999999990479,9.999999999990479,-1,-1
79162,corner.diag,7917,7918,0,0,1,1
79172,corner.diag,7918,7919,9.999999999990479,9.999999999990479,-1,-1
79182,corner.diag,7919,7920,0,0,1,1
79192,corner.diag,7920,7921,9.999999999990479,9.999999999990479,-1,-1
79202,corner.diag,7921,7922,0,0,1,1
79212,corner.diag,7922,7923,9.999999999990479,9.999999999990479,-1,-1
79222,corner.diag,7923,7924,0,0,1,1
79232,corner.diag,7924,7925,9.999999999990479,9.999999999990479,-1,-1
79242,corner.diag,7925,7926,0,0,1,1
79252,corner.diag,7926,7927,9.999999999990479,9.999999999990479,-1,-1
79262,corner.diag,7927,7928,0,0,1,1
79272,corner.diag,7928,7929,9.999999999990479,9.999999999990479,-1,-1
79282,corner.diag,7929,7930,0,0,1,1
79292,corner.diag,7930,7931,9.999999999990479,9.999999999990479,-1,-1
79302,corner.diag,7931,7932,0,0,1,1
79312,corner.diag,7932,7933,9.999999999990479,9.999999999990479,-1,-1
79322,corner.diag,7933,7934,0,0,1,1
79332,corner.diag,7934,7935,9.999999999990479,9.999999999990479,-1,-1
79342,corner.diag,7935,7936,0,0,1,1
79352,corner.diag,7936,7937,9.999999999990479,9.999999999990479,-1,-1
79362,corner.diag,7937,7938,0,0,1,1
79372,corner.diag,7938,7939,9.999999999990479,9.999999999990479,-1,-1
79382,corner.diag,7939,7940,0,0,1,1
79392,corner.diag,7940,7941,9.999999999990479,9.999999999990479,-1,-1
79402,corner.diag,7941,7942,0,0,1,1
79412,corner.diag,7942,7943,9.999999999990479,9.999999999990479,-1,-1
79422,corner.diag,7943,7944,0,0,1,1
79432,corner.diag,7944,7945,9.999999999990479,9.999999999990479,-1,-1
79442,corner.diag,7945,7946,0,0,1,1
79452,corner.diag,7946,7947,9.999999999990479,9.999999999990479,-1,-1
79462,corner.diag,7947,7948,0,0,1,1
79472,corner.diag,7948,7949,9.999999999990479,9.999999999990479,-1,-1
79482,corner.diag,7949,7950,0,0,1,1
79492,corner.diag,7950,7951,9.999999999990479,9.999999999990479,-1,-1
79502,corner.diag,7951,7952,0,0,1,1
79512,corner.diag,7952,7953,9.999999999990479,9.999999999990479,-1,-1
79522,corner.diag,7953,7954,0,0,1,1
79532,corner.diag,7954,7955,9.999999999990479,9.999999999990479,-1,-1
79542,corner.diag,7955,7956,0,0,1,1
79552,corner.diag,7956,7957,9.999999999990479,9.999999999990479,-1,-1
79562,corner.diag,7957,7958,0,0,1,1
79572,corner.diag,7958,7959,9.999999999990479,9.999999999990479,-1,-1
79582,corner.diag,7959,7960,0,0,1,1
79592,corner.diag,7960,7961,9.999999999990479,9.999999999990479,-1,-1
79602,corner.diag,7961,7962,0,0,1,1
79612,corner.diag,7962,7963,9.999999999990479,9.999999999990479,-1,-1
79622,corner.diag,7963,7964,0,0,1,1
79632,corner.diag,7964,7965,9.999999999990479,9.999999999990479,-1,-1
79642,corner.diag,7965,7966,0,0,1,1
79652,corner.diag,7966,7967,9.999999999990479,9.999999999990479,-1,-1
79662,corner.diag,7967,7968,0,0,1,1
79672,corner.diag,7968,7969,9.999999999990479,9.999999999990479,-1,-1
79682,corner.diag,7969,7970,0,0,1,1
79692,corner.diag,7970,7971,9.999999999990479,9.999999999990479,-1,-1
79702,corner.diag,7971,7972,0,0,1,1
79712,corner.diag,7972,7973,9.999999999990479,9.999999999990479,-1,-1
79722,corner.diag,7973,7974,0,0,1,1
79732,corner.diag,7974,7975,9.999999999990479,9.999999999990479,-1,-1
79742,corner.diag,7975,7976,0,0,1,1
79752,corner.diag,7976,7977,9.999999999990479,9.999999999990479,-1,-1
79762,corner.diag,7977,7978,0,0,1,1
79772,corner.diag,7978,7979,9.999999999990479,9.999999999990479,-1,-1
79782,corner.diag,7979,7980,0,0,1,1
79792,corner.diag,7980,7981,9.999999999990479,9.999999999990479,-1,-1
79802,corner.diag,7981,7982,0,0,1,1
79812,corner.diag,7982,7983,9.999999999990479,9.999999999990479,-1,-1
79822,corner.diag,7983,7984,0,0,1,1
79832,corner.diag,7984,7985,9.999999999990479,9.999999999990479,-1,-1
79842,corner.diag,7985,7986,0,0,1,1
79852,corner.diag,7986,7987,9.999999999990479,9.999999999990479,-1,-1
79862,corner.diag,7987,7988,0,0,1,1
79872,corner.diag,7988,7989,9.999999999990479,9.999999999990479,-1,-1
79882,corner.diag,7989,7990,0,0,1,1
79892,corner.diag,7990,7991,9.999999999990479,9.999999999990479,-1,-1
79902,corner.diag,7991,7992,0,0,1,1
79912,corner.diag,7992,7993,9.999999999990479,9.999999999990479,-1,-1
79922,corner.diag,7993,7994,0,0,1,1
79932,corner.diag,7994,7995,9.999999999990479,9.999999999990479,-1,-1
79942,corner.diag,7995,7996,0,0,1,1
79952,corner.diag,7996,7997,9.999999999990479,9.999999999990479,-1,-1
79962,corner.diag,7997,7998,0,0,1,1
79972,corner.diag,7998,7999,9.999999999990479,9.999999999990479,-1,-1
79982,corner.diag,7999,8000,0,0,1,1
79992,corner.diag,8000,8001,9.999999999990479,9.999999999990479,-1,-1
80001,INVERT_SPHERE,8001,8001,8,8,-1,-1
80009,corner.diag,8001,8002,0,0,-1,-1
80010,corner.diag,8002,8003,0,0,1,1
80020,corner.diag,8003,8004,9.999999999990479,9.999999999990479,-1,-1
80030,corner.diag,8004,8005,0,0,1,1
80040,corner.diag,8005,8006,9.999999999990479,9.999999999990479,-1,-1
80050,corner.diag,8006,8007,0,0,1,1
80060,corner.diag,8007,8008,9.999999999990479,9.999999999990479,-1,-1
80070,corner.diag,8008,8009,0,0,1,1
80080,corner.diag,8009,8010,9.999999999990479,9.999999999990479,-1,-1
80090,corner.diag,8010,8011,0,0,1,1
80100,corner.diag,8011,8012,9.999999999990479,9.999999999990479,-1,-1
80110,corner.diag,8012,8013,0,0,1,1
80120,corner.diag,8013,8014,9.999999999990479,9.999999999990479,-1,-1
80130,corner.diag,8014,8015,0,0,1,1
80140,corner.diag,8015,8016,9.999999999990479,9.999999999990479,-1,-1
80150,corner.diag,8016,8017,0,0,1,1
80160,corner.diag,8017,8018,9.999999999990479,9.999999999990479,-1,-1
80170,corner.diag,8018,8019,0,0,1,1
80180,corner.diag,8019,8020,9.999999999990479,9.999999999990479,-1,-1
80190,corner.diag,8020,8021,0,0,1,1
80200,corner.diag,8021,8022,9.999999999990479,9.999999999990479,-1,-1
80210,corner.diag,8022,8023,0,0,1,1
80220,corner.diag,8023,8024,9.999999999990479,9.999999999990479,-1,-1
80230,corner.diag,8024,8025,0,0,1,1
80240,corner.diag,8025,8026,9.999999999990479,9.999999999990479,-1,-1
80250,corner.diag,8026,8027,0,0,1,1
80260,corner.diag,8027,8028,9.999999999990479,9.999999999990479,-1,-1
80270,corner.diag,8028,8029,0,0,1,1
80280,corner.diag,8029,8030,9.999999999990479,9.999999999990479,-1,-1
80290,corner.diag,8030,8031,0,0,1,1
80300,corner.diag,8031,8032,9.999999999990479,9.999999999990479,-1,-1
80310,corner.diag,8032,8033,0,0,1,1
80320,corner.diag,8033,8034,9.999999999990479,9.999999999990479,-1,-1
80330,corner.diag,8034,8035,0,0,1,1
80340,corner.diag,8035,8036,9.999999999990479,9.999999999990479,-1,-1
80350,corner.diag,8036,8037,0,0,1,1
80360,corner.diag,8037,8038,9.999999999990479,9.999999999990479,-1,-1
80370,corner.diag,8038,8039,0,0,1,1
80380,corner.diag,8039,8040,9.999999999990479,9.999999999990479,-1,-1
80390,corner.diag,8040,8041,0,0,1,1
80400,corner.diag,8041,8042,9.999999999990479,9.999999999990479,-1,-1
80410,corner.diag,8042,8043,0,0,1,1
80420,corner.diag,8043,8044,9.999999999990479,9.999999999990479,-1,-1
80430,corner.diag,8044,8045,0,0,1,1
80440,corner.diag,8045,8046,9.999999999990479,9.999999999990479,-1,-1
80450,corner.diag,8046,8047,0,0,1,1
80460,corner.diag,8047,8048,9.999999999990479,9.999999999990479,-1,-1
80470,corner.diag,8048,8049,0,0,1,1
80480,corner.diag,8049,8050,9.999999999990479,9.999999999990479,-1,-1
80490,corner.diag,8050,8051,0,0,1,1
80500,corner.diag,8051,8052,9.999999999990479,9.999999999990479,-1,-1
80510,corner.diag,8052,8053,0,0,1,1
80520,corner.diag,8053,8054,9.999999999990479,9.999999999990479,-1,-1
80530,corner.diag,8054,8055,0,0,1,1
80540,corner.diag,8055,8056,9.999999999990479,9.999999999990479,-1,-1
80550,corner.diag,8056,8057,0,0,1,1
80560,corner.diag,8057,8058,9.999999999990479,9.999999999990479,-1,-1
80570,corner.diag,8058,8059,0,0,1,1
80580,corner.diag,8059,8060,9.999999999990479,9.999999999990479,-1,-1
80590,corner.diag,8060,8061,0,0,1,1
80600,corner.diag,8061,8062,9.999999999990479,9.999999999990479,-1,-1
80610,corner.diag,8062,8063,0,0,1,1
80620,corner.diag,8063,8064,9.999999999990479,9.999999999990479,-1,-1
80630,corner.diag,8064,8065,0,0,1,1
80640,corner.diag,8065,8066,9.999999999990479,9.999999999990479,-1,-1
80650,corner.diag,8066,8067,0,0,1,1
80660,corner.diag,8067,8068,9.999999999990479,9.999999999990479,-1,-1
80670,corner.diag,8068,8069,0,0,1,1
80680,corner.diag,8069,8070,9.999999999990479,9.999999999990479,-1,-1
80690,corner.diag,8070,8071,0,0,1,1
80700,corner.diag,8071,8072,9.999999999990479,9.999999999990479,-1,-1
80710,corner.diag,8072,8073,0,0,1,1
80720,corner.diag,8073,8074,9.999999999990479,9.999999999990479,-1,-1
80730,corner.diag,8074,8075,0,0,1,1
80740,corner.diag,8075,8076,9.999999999990479,9.999999999990479,-1,-1
80750,corner.diag,8076,8077,0,0,1,1
80760,corner.diag,8077,8078,9.999999999990479,9.999999999990479,-1,-1
80770,corner.diag,8078,8079,0,0,1,1
80780,corner.diag,8079,8080,9.999999999990479,9.999999999990479,-1,-1
80790,corner.diag,8080,8081,0,0,1,1
80800,corner.diag,8081,8082,9.999999999990479,9.999999999990479,-1,-1
80810,corner.diag,8082,8083,0,0,1,1
80820,corner.diag,8083,8084,9.999999999990479,9.999999999990479,-1,-1
80830,corner.diag,8084,8085,0,0,1,1
80840,corner.diag,8085,8086,9.999999999990479,9.999999999990479,-1,-1
80850,corner.diag,8086,8087,0,0,1,1
80860,corner.diag,8087,8088,9.999999999990479,9.999999999990479,-1,-1
80870,corner.diag,8088,8089,0,0,1,1
80880,corner.diag,8089,8090,9.999999999990479,9.999999999990479,-1,-1
80890,corner.diag,8090,8091,0,0,1,1
80900,corner.diag,8091,8092,9.999999999990479,9.999999999990479,-1,-1
80910,corner.diag,8092,8093,0,0,1,1
80920,corner.diag,8093,8094,9.999999999990479,9.999999999990479,-1,-1
80930,corner.diag,8094,8095,0,0,1,1
80940,corner.diag,8095,8096,9.999999999990479,9.999999999990479,-1,-1
80950,corner.diag,8096,8097,0,0,1,1
80960,corner.diag,8097,8098,9.999999999990479,9.999999999990479,-1,-1
80970,corner.diag,8098,8099,0,0,1,1
80980,corner.diag,8099,8100,9.999999999990479,9.999999999990479,-1,-1
80990,corner.diag,8100,8101,0,0,1,1
81000,corner.diag,8101,8102,9.999999999990479,9.999999999990479,-1,-1
81010,corner.diag,8102,8103,0,0,1,1
81020,corner.diag,8103,8104,9.999999999990479,9.999999999990479,-1,-1
81030,corner.diag,8104,8105,0,0,1,1
81040,corner.diag,8105,8106,9.999999999990479,9.999999999990479,-1,-1
81050,corner.diag,8106,8107,0,0,1,1
81060,corner.diag,8107,8108,9.999999999990479,9.999999999990479,-1,-1
81070,corner.diag,8108,8109,0,0,1,1
81080,corner.diag,8109,8110,9.999999999990479,9.999999999990479,-1,-1
81090,corner.diag,8110,8111,0,0,1,1
81100,corner.diag,8111,8112,9.999999999990479,9.999999999990479,-1,-1
81110,corner.diag,8112,8113,0,0,1,1
81120,corner.diag,8113,8114,9.999999999990479,9.999999999990479,-1,-1
81130,corner.diag,8114,8115,0,0,1,1
81140,corner.diag,8115,8116,9.999999999990479,9.999999999990479,-1,-1
81150,corner.diag,8116,8117,0,0,1,1
81160,corner.diag,8117,8118,9.999999999990479,9.999999999990479,-1,-1
81170,corner.diag,8118,8119,0,0,1,1
81180,corner.diag,8119,8120,9.999999999990479,9.999999999990479,-1,-1
81190,corner.diag,8120,8121,0,0,1,1
81200,corner.diag,8121,8122,9.999999999990479,9.999999999990479,-1,-1
81210,corner.diag,8122,8123,0,0,1,1
81220,corner.diag,8123,8124,9.999999999990479,9.999999999990479,-1,-1
81230,corner.diag,8124,8125,0,0,1,1
81240,corner.diag,8125,8126,9.999999999990479,9.999999999990479,-1,-1
81250,corner.diag,8126,8127,0,0,1,1
81260,corner.diag,8127,8128,9.999999999990479,9.999999999990479,-1,-1
81270,corner.diag,8128,8129,0,0,1,1
81280,corner.diag,8129,8130,9.999999999990479,9.999999999990479,-1,-1
81290,corner.diag,8130,8131,0,0,1,1
81300,corner.diag,8131,8132,9.999999999990479,9.999999999990479,-1,-1
81310,corner.diag,8132,8133,0,0,1,1
81320,corner.diag,8133,8134,9.999999999990479,9.999999999990479,-1,-1
81330,corner.diag,8134,8135,0,0,1,1
81340,corner.diag,8135,8136,9.999999999990479,9.999999999990479,-1,-1
81350,corner.diag,8136,8137,0,0,1,1
81360,corner.diag,8137,8138,9.999999999990479,9.999999999990479,-1,-1
81370,corner.diag,8138,8139,0,0,1,1
81380,corner.diag,8139,8140,9.999999999990479,9.999999999990479,-1,-1
81390,corner.diag,8140,8141,0,0,1,1
81400,corner.diag,8141,8142,9.999999999990479,9.999999999990479,-1,-1
81410,corner.diag,8142,8143,0,0,1,1
81420,corner.diag,8143,8144,9.999999999990479,9.999999999990479,-1,-1
81430,corner.diag,8144,8145,0,0,1,1
81440,corner.diag,8145,8146,9.999999999990479,9.999999999990479,-1,-1
81450,corner.diag,8146,8147,0,0,1,1
81460,corner.diag,8147,8148,9.999999999990479,9.999999999990479,-1,-1
81470,corner.diag,8148,8149,0,0,1,1
81480,corner.diag,8149,8150,9.999999999990479,9.999999999990479,-1,-1
81490,corner.diag,8150,8151,0,0,1,1
81500,corner.diag,8151,8152,9.999999999990479,9.999999999990479,-1,-1
81510,corner.diag,8152,8153,0,0,1,1
81520,corner.diag,8153,8154,9.999999999990479,9.999999999990479,-1,-1
81530,corner.diag,8154,8155,0,0,1,1
81540,corner.diag,8155,8156,9.999999999990479,9.999999999990479,-1,-1
81550,corner.diag,8156,8157,0,0,1,1
81560,corner.diag,8157,8158,9.999999999990479,9.999999999990479,-1,-1
81570,corner.diag,8158,8159,0,0,1,1
81580,corner.diag,8159,8160,9.999999999990479,9.999999999990479,-1,-1
81590,corner.diag,8160,8161,0,0,1,1
81600,corner.diag,8161,8162,9.999999999990479,9.999999999990479,-1,-1
81610,corner.diag,8162,8163,0,0,1,1
81620,corner.diag,8163,8164,9.999999999990479,9.999999999990479,-1,-1
81630,corner.diag,8164,8165,0,0,1,1
81640,corner.diag,8165,8166,9.999999999990479,9.999999999990479,-1,-1
81650,corner.diag,8166,8167,0,0,1,1
81660,corner.diag,8167,8168,9.999999999990479,9.999999999990479,-1,-1
81670,corner.diag,8168,8169,0,0,1,1
81680,corner.diag,8169,8170,9.999999999990479,9.999999999990479,-1,-1
81690,corner.diag,8170,8171,0,0,1,1
81700,corner.diag,8171,8172,9.999999999990479,9.999999999990479,-1,-1
81710,corner.diag,8172,8173,0,0,1,1
81720,corner.diag,8173,8174,9.999999999990479,9.999999999990479,-1,-1
81730,corner.diag,8174,8175,0,0,1,1
81740,corner.diag,8175,8176,9.999999999990479,9.999999999990479,-1,-1
81750,corner.diag,8176,8177,0,0,1,1
81760,corner.diag,8177,8178,9.999999999990479,9.999999999990479,-1,-1
81770,corner.diag,8178,8179,0,0,1,1
81780,corner.diag,8179,8180,9.999999999990479,9.999999999990479,-1,-1
81790,corner.diag,8180,8181,0,0,1,1
81800,corner.diag,8181,8182,9.999999999990479,9.999999999990479,-1,-1
81810,corner.diag,8182,8183,0,0,1,1
81820,corner.diag,8183,8184,9.999999999990479,9.999999999990479,-1,-1
81830,corner.diag,8184,8185,0,0,1,1
81840,corner.diag,8185,8186,9.999999999990479,9.999999999990479,-1,-1
81850,corner.diag,8186,8187,0,0,1,1
81860,corner.diag,8187,8188,9.999999999990479,9.999999999990479,-1,-1
81870,corner.diag,8188,8189,0,0,1,1
81880,corner.diag,8189,8190,9.999999999990479,9.999999999990479,-1,-1
81890,corner.diag,8190,8191,0,0,1,1
81900,corner.diag,8191,8192,9.999999999990479,9.999999999990479,-1,-1
81910,corner.diag,8192,8193,0,0,1,1
81920,corner.diag,8193,8194,9.999999999990479,9.999999999990479,-1,-1
81930,corner.diag,8194,8195,0,0,1,1
81940,corner.diag,8195,8196,9.999999999990479,9.999999999990479,-1,-1
81950,corner.diag,8196,8197,0,0,1,1
81960,corner.diag,8197,8198,9.999999999990479,9.999999999990479,-1,-1
81970,corner.diag,8198,8199,0,0,1,1
81980,corner.diag,8199,8200,9.999999999990479,9.999999999990479,-1,-1
81990,corner.diag,8200,8201,0,0,1,1
82000,corner.diag,8201,8202,9.999999999990479,9.999999999990479,-1,-1
82010,corner.diag,8202,8203,0,0,1,1
82020,corner.diag,8203,8204,9.999999999990479,9.999999999990479,-1,-1
82030,corner.diag,8204,8205,0,0,1,1
82040,corner.diag,8205,8206,9.999999999990479,9.999999999990479,-1,-1
82050,corner.diag,8206,8207,0,0,1,1
82060,corner.diag,8207,8208,9.999999999990479,9.999999999990479,-1,-1
82070,corner.diag,8208,8209,0,0,1,1
82080,corner.diag,8209,8210,9.999999999990479,9.999999999990479,-1,-1
82090,corner.diag,8210,8211,0,0,1,1
82100,corner.diag,8211,8212,9.999999999990479,9.999999999990479,-1,-1
82110,corner.diag,8212,8213,0,0,1,1
82120,corner.diag,8213,8214,9.999999999990479,9.999999999990479,-1,-1
82130,corner.diag,8214,8215,0,0,1,1
82140,corner.diag,8215,8216,9.999999999990479,9.999999999990479,-1,-1
82150,corner.diag,8216,8217,0,0,1,1
82160,corner.diag,8217,8218,9.999999999990479,9.999999999990479,-1,-1
82170,corner.diag,8218,8219,0,0,1,1
82180,corner.diag,8219,8220,9.999999999990479,9.999999999990479,-1,-1
82190,corner.diag,8220,8221,0,0,1,1
82200,corner.diag,8221,8222,9.999999999990479,9.999999999990479,-1,-1
82210,corner.diag,8222,8223,0,0,1,1
82220,corner.diag,8223,8224,9.999999999990479,9.999999999990479,-1,-1
82230,corner.diag,8224,8225,0,0,1,1
82240,corner.diag,8225,8226,9.999999999990479,9.999999999990479,-1,-1
82250,corner.diag,8226,8227,0,0,1,1
82260,corner.diag,8227,8228,9.999999999990479,9.999999999990479,-1,-1
82270,corner.diag,8228,8229,0,0,1,1
82280,corner.diag,8229,8230,9.999999999990479,9.999999999990479,-1,-1
82290,corner.diag,8230,8231,0,0,1,1
82300,corner.diag,8231,8232,9.999999999990479,9.999999999990479,-1,-1
82310,corner.diag,8232,8233,0,0,1,1
82320,corner.diag,8233,8234,9.999999999990479,9.999999999990479,-1,-1
82330,corner.diag,8234,8235,0,0,1,1
82340,corner.diag,8235,8236,9.999999999990479,9.999999999990479,-1,-1
82350,corner.diag,8236,8237,0,0,1,1
82360,corner.diag,8237,8238,9.999999999990479,9.999999999990479,-1,-1
82370,corner.diag,8238,8239,0,0,1,1
82380,corner.diag,8239,8240,9.999999999990479,9.999999999990479,-1,-1
82390,corner.diag,8240,8241,0,0,1,1
82400,corner.diag,8241,8242,9.999999999990479,9.999999999990479,-1,-1
82410,corner.diag,8242,8243,0,0,1,1
82420,corner.diag,8243,8244,9.999999999990479,9.999999999990479,-1,-1
82430,corner.diag,8244,8245,0,0,1,1
82440,corner.diag,8245,8246,9.999999999990479,9.999999999990479,-1,-1
82450,corner.diag,8246,8247,0,0,1,1
82460,corner.diag,8247,8248,9.999999999990479,9.999999999990479,-1,-1
82470,corner.diag,8248,8249,0,0,1,1
82480,corner.diag,8249,8250,9.999999999990479,9.999999999990479,-1,-1
82490,corner.diag,8250,8251,0,0,1,1
82500,corner.diag,8251,8252,9.999999999990479,9.999999999990479,-1,-1
82510,corner.diag,8252,8253,0,0,1,1
82520,corner.diag,8253,8254,9.999999999990479,9.999999999990479,-1,-1
82530,corner.diag,8254,8255,0,0,1,1
82540,corner.diag,8255,8256,9.999999999990479,9.999999999990479,-1,-1
82550,corner.diag,8256,8257,0,0,1,1
82560,corner.diag,8257,8258,9.999999999990479,9.999999999990479,-1,-1
82570,corner.diag,8258,8259,0,0,1,1
82580,corner.diag,8259,8260,9.999999999990479,9.999999999990479,-1,-1
82590,corner.diag,8260,8261,0,0,1,1
82600,corner.diag,8261,8262,9.999999999990479,9.999999999990479,-1,-1
82610,corner.diag,8262,8263,0,0,1,1
82620,corner.diag,8263,8264,9.999999999990479,9.999999999990479,-1,-1
82630,corner.diag,8264,8265,0,0,1,1
82640,corner.diag,8265,8266,9.999999999990479,9.999999999990479,-1,-1
82650,corner.diag,8266,8267,0,0,1,1
82660,corner.diag,8267,8268,9.999999999990479,9.999999999990479,-1,-1
82670,corner.diag,8268,8269,0,0,1,1
82680,corner.diag,8269,8270,9.999999999990479,9.999999999990479,-1,-1
82690,corner.diag,8270,8271,0,0,1,1
82700,corner.diag,8271,8272,9.999999999990479,9.999999999990479,-1,-1
82710,corner.diag,8272,8273,0,0,1,1
82720,corner.diag,8273,8274,9.999999999990479,9.999999999990479,-1,-1
82730,corner.diag,8274,8275,0,0,1,1
82740,corner.diag,8275,8276,9.999999999990479,9.999999999990479,-1,-1
82750,corner.diag,8276,8277,0,0,1,1
82760,corner.diag,8277,8278,9.999999999990479,9.999999999990479,-1,-1
82770,corner.diag,8278,8279,0,0,1,1
82780,corner.diag,8279,8280,9.999999999990479,9.999999999990479,-1,-1
82790,corner.diag,8280,8281,0,0,1,1
82800,corner.diag,8281,8282,9.999999999990479,9.999999999990479,-1,-1
82810,corner.diag,8282,8283,0,0,1,1
82820,corner.diag,8283,8284,9.999999999990479,9.999999999990479,-1,-1
82830,corner.diag,8284,8285,0,0,1,1
82840,corner.diag,8285,8286,9.999999999990479,9.999999999990479,-1,-1
82850,corner.diag,8286,8287,0,0,1,1
82860,corner.diag,8287,8288,9.999999999990479,9.999999999990479,-1,-1
82870,corner.diag,8288,8289,0,0,1,1
82880,corner.diag,8289,8290,9.999999999990479,9.999999999990479,-1,-1
82890,corner.diag,8290,8291,0,0,1,1
82900,corner.diag,8291,8292,9.999999999990479,9.999999999990479,-1,-1
82910,corner.diag,8292,8293,0,0,1,1
82920,corner.diag,8293,8294,9.999999999990479,9.999999999990479,-1,-1
82930,corner.diag,8294,8295,0,0,1,1
82940,corner.diag,8295,8296,9.999999999990479,9.999999999990479,-1,-1
82950,corner.diag,8296,8297,0,0,1,1
82960,corner.diag,8297,8298,9.999999999990479,9.999999999990479,-1,-1
82970,corner.diag,8298,8299,0,0,1,1
82980,corner.diag,8299,8300,9.999999999990479,9.999999999990479,-1,-1
82990,corner.diag,8300,8301,0,0,1,1
83000,corner.diag,8301,8302,9.999999999990479,9.999999999990479,-1,-1
83010,corner.diag,8302,8303,0,0,1,1
83020,corner.diag,8303,8304,9.999999999990479,9.999999999990479,-1,-1
83030,corner.diag,8304,8305,0,0,1,1
83040,corner.diag,8305,8306,9.999999999990479,9.999999999990479,-1,-1
83050,corner.diag,8306,8307,0,0,1,1
83060,corner.diag,8307,8308,9.999999999990479,9.999999999990479,-1,-1
83070,corner.diag,8308,8309,0,0,1,1
83080,corner.diag,8309,8310,9.999999999990479,9.999999999990479,-1,-1
83090,corner.diag,8310,8311,0,0,1,1
83100,corner.diag,8311,8312,9.999999999990479,9.999999999990479,-1,-1
83110,corner.diag,8312,8313,0,0,1,1
83120,corner.diag,8313,8314,9.999999999990479,9.999999999990479,-1,-1
83130,corner.diag,8314,8315,0,0,1,1
83140,corner.diag,8315,8316,9.999999999990479,9.999999999990479,-1,-1
83150,corner.diag,8316,8317,0,0,1,1
83160,corner.diag,8317,8318,9.999999999990479,9.999999999990479,-1,-1
83170,corner.diag,8318,8319,0,0,1,1
83180,corner.diag,8319,8320,9.999999999990479,9.999999999990479,-1,-1
83190,corner.diag,8320,8321,0,0,1,1
83200,corner.diag,8321,8322,9.999999999990479,9.999999999990479,-1,-1
83210,corner.diag,8322,8323,0,0,1,1
83220,corner.diag,8323,8324,9.999999999990479,9.999999999990479,-1,-1
83230,corner.diag,8324,8325,0,0,1,1
83240,corner.diag,8325,8326,9.999999999990479,9.999999999990479,-1,-1
83250,corner.diag,8326,8327,0,0,1,1
83260,corner.diag,8327,8328,9.999999999990479,9.999999999990479,-1,-1
83270,corner.diag,8328,8329,0,0,1,1
83280,corner.diag,8329,8330,9.999999999990479,9.999999999990479,-1,-1
83290,corner.diag,8330,8331,0,0,1,1
83300,corner.diag,8331,8332,9.999999999990479,9.999999999990479,-1,-1
83310,corner.diag,8332,8333,0,0,1,1
83320,corner.diag,8333,8334,9.999999999990479,9.999999999990479,-1,-1
83330,corner.diag,8334,8335,0,0,1,1
83340,corner.diag,8335,8336,9.999999999990479,9.999999999990479,-1,-1
83350,corner.diag,8336,8337,0,0,1,1
83360,corner.diag,8337,8338,9.999999999990479,9.999999999990479,-1,-1
83370,corner.diag,8338,8339,0,0,1,1
83380,corner.diag,8339,8340,9.999999999990479,9.999999999990479,-1,-1
83390,corner.diag,8340,8341,0,0,1,1
83400,corner.diag,8341,8342,9.999999999990479,9.999999999990479,-1,-1
83410,corner.diag,8342,8343,0,0,1,1
83420,corner.diag,8343,8344,9.999999999990479,9.999999999990479,-1,-1
83430,corner.diag,8344,8345,0,0,1,1
83440,corner.diag,8345,8346,9.999999999990479,9.999999999990479,-1,-1
83450,corner.diag,8346,8347,0,0,1,1
83460,corner.diag,8347,8348,9.999999999990479,9.999999999990479,-1,-1
83470,corner.diag,8348,8349,0,0,1,1
83480,corner.diag,8349,8350,9.999999999990479,9.999999999990479,-1,-1
83490,corner.diag,8350,8351,0,0,1,1
83500,corner.diag,8351,8352,9.999999999990479,9.999999999990479,-1,-1
83510,corner.diag,8352,8353,0,0,1,1
83520,corner.diag,8353,8354,9.999999999990479,9.999999999990479,-1,-1
83530,corner.diag,8354,8355,0,0,1,1
83540,corner.diag,8355,8356,9.999999999990479,9.999999999990479,-1,-1
83550,corner.diag,8356,8357,0,0,1,1
83560,corner.diag,8357,8358,9.999999999990479,9.999999999990479,-1,-1
83570,corner.diag,8358,8359,0,0,1,1
83580,corner.diag,8359,8360,9.999999999990479,9.999999999990479,-1,-1
83590,corner.diag,8360,8361,0,0,1,1
83600,corner.diag,8361,8362,9.999999999990479,9.999999999990479,-1,-1
83610,corner.diag,8362,8363,0,0,1,1
83620,corner.diag,8363,8364,9.999999999990479,9.999999999990479,-1,-1
83630,corner.diag,8364,8365,0,0,1,1
83640,corner.diag,8365,8366,9.999999999990479,9.999999999990479,-1,-1
83650,corner.diag,8366,8367,0,0,1,1
83660,corner.diag,8367,8368,9.999999999990479,9.999999999990479,-1,-1
83670,corner.diag,8368,8369,0,0,1,1
83680,corner.diag,8369,8370,9.999999999990479,9.999999999990479,-1,-1
83690,corner.diag,8370,8371,0,0,1,1
83700,corner.diag,8371,8372,9.999999999990479,9.999999999990479,-1,-1
83710,corner.diag,8372,8373,0,0,1,1
83720,corner.diag,8373,8374,9.999999999990479,9.999999999990479,-1,-1
83730,corner.diag,8374,8375,0,0,1,1
83740,corner.diag,8375,8376,9.999999999990479,9.999999999990479,-1,-1
83750,corner.diag,8376,8377,0,0,1,1
83760,corner.diag,8377,8378,9.999999999990479,9.999999999990479,-1,-1
83770,corner.diag,8378,8379,0,0,1,1
83780,corner.diag,8379,8380,9.999999999990479,9.999999999990479,-1,-1
83790,corner.diag,8380,8381,0,0,1,1
83800,corner.diag,8381,8382,9.999999999990479,9.999999999990479,-1,-1
83810,corner.diag,8382,8383,0,0,1,1
83820,corner.diag,8383,8384,9.999999999990479,9.999999999990479,-1,-1
83830,corner.diag,8384,8385,0,0,1,1
83840,corner.diag,8385,8386,9.999999999990479,9.999999999990479,-1,-1
83850,corner.diag,8386,8387,0,0,1,1
83860,corner.diag,8387,8388,9.999999999990479,9.999999999990479,-1,-1
83870,corner.diag,8388,8389,0,0,1,1
83880,corner.diag,8389,8390,9.999999999990479,9.999999999990479,-1,-1
83890,corner.diag,8390,8391,0,0,1,1
83900,corner.diag,8391,8392,9.999999999990479,9.999999999990479,-1,-1
83910,corner.diag,8392,8393,0,0,1,1
83920,corner.diag,8393,8394,9.999999999990479,9.999999999990479,-1,-1
83930,corner.diag,8394,8395,0,0,1,1
83940,corner.diag,8395,8396,9.999999999990479,9.999999999990479,-1,-1
83950,corner.diag,8396,8397,0,0,1,1
83960,corner.diag,8397,8398,9.999999999990479,9.999999999990479,-1,-1
83970,corner.diag,8398,8399,0,0,1,1
83980,corner.diag,8399,8400,9.999999999990479,9.999999999990479,-1,-1
83990,corner.diag,8400,8401,0,0,1,1
84000,corner.diag,8401,8402,9.999999999990479,9.999999999990479,-1,-1
84010,corner.diag,8402,8403,0,0,1,1
84020,corner.diag,8403,8404,9.999999999990479,9.999999999990479,-1,-1
84030,corner.diag,8404,8405,0,0,1,1
84040,corner.diag,8405,8406,9.999999999990479,9.999999999990479,-1,-1
84050,corner.diag,8406,8407,0,0,1,1
84060,corner.diag,8407,8408,9.999999999990479,9.999999999990479,-1,-1
84070,corner.diag,8408,8409,0,0,1,1
84080,corner.diag,8409,8410,9.999999999990479,9.999999999990479,-1,-1
84090,corner.diag,8410,8411,0,0,1,1
84100,corner.diag,8411,8412,9.999999999990479,9.999999999990479,-1,-1
84110,corner.diag,8412,8413,0,0,1,1
84120,corner.diag,8413,8414,9.999999999990479,9.999999999990479,-1,-1
84130,corner.diag,8414,8415,0,0,1,1
84140,corner.diag,8415,8416,9.999999999990479,9.999999999990479,-1,-1
84150,corner.diag,8416,8417,0,0,1,1
84160,corner.diag,8417,8418,9.999999999990479,9.999999999990479,-1,-1
84170,corner.diag,8418,8419,0,0,1,1
84180,corner.diag,8419,8420,9.999999999990479,9.999999999990479,-1,-1
84190,corner.diag,8420,8421,0,0,1,1
84200,corner.diag,8421,8422,9.999999999990479,9.999999999990479,-1,-1
84210,corner.diag,8422,8423,0,0,1,1
84220,corner.diag,8423,8424,9.999999999990479,9.999999999990479,-1,-1
84230,corner.diag,8424,8425,0,0,1,1
84240,corner.diag,8425,8426,9.999999999990479,9.999999999990479,-1,-1
84250,corner.diag,8426,8427,0,0,1,1
84260,corner.diag,8427,8428,9.999999999990479,9.999999999990479,-1,-1
84270,corner.diag,8428,8429,0,0,1,1
84280,corner.diag,8429,8430,9.999999999990479,9.999999999990479,-1,-1
84290,corner.diag,8430,8431,0,0,1,1
84300,corner.diag,8431,8432,9.999999999990479,9.999999999990479,-1,-1
84310,corner.diag,8432,8433,0,0,1,1
84320,corner.diag,8433,8434,9.999999999990479,9.999999999990479,-1,-1
84330,corner.diag,8434,8435,0,0,1,1
84340,corner.diag,8435,8436,9.999999999990479,9.999999999990479,-1,-1
84350,corner.diag,8436,8437,0,0,1,1
84360,corner.diag,8437,8438,9.999999999990479,9.999999999990479,-1,-1
84370,corner.diag,8438,8439,0,0,1,1
84380,corner.diag,8439,8440,9.999999999990479,9.999999999990479,-1,-1
84390,corner.diag,8440,8441,0,0,1,1
84400,corner.diag,8441,8442,9.999999999990479,9.999999999990479,-1,-1
84410,corner.diag,8442,8443,0,0,1,1
84420,corner.diag,8443,8444,9.999999999990479,9.999999999990479,-1,-1
84430,corner.diag,8444,8445,0,0,1,1
84440,corner.diag,8445,8446,9.999999999990479,9.999999999990479,-1,-1
84450,corner.diag,8446,8447,0,0,1,1
84460,corner.diag,8447,8448,9.999999999990479,9.999999999990479,-1,-1
84470,corner.diag,8448,8449,0,0,1,1
84480,corner.diag,8449,8450,9.999999999990479,9.999999999990479,-1,-1
84490,corner.diag,8450,8451,0,0,1,1
84500,corner.diag,8451,8452,9.999999999990479,9.999999999990479,-1,-1
84510,corner.diag,8452,8453,0,0,1,1
84520,corner.diag,8453,8454,9.999999999990479,9.999999999990479,-1,-1
84530,corner.diag,8454,8455,0,0,1,1
84540,corner.diag,8455,8456,9.999999999990479,9.999999999990479,-1,-1
84550,corner.diag,8456,8457,0,0,1,1
84560,corner.diag,8457,8458,9.999999999990479,9.999999999990479,-1,-1
84570,corner.diag,8458,8459,0,0,1,1
84580,corner.diag,8459,8460,9.999999999990479,9.999999999990479,-1,-1
84590,corner.diag,8460,8461,0,0,1,1
84600,corner.diag,8461,8462,9.999999999990479,9.999999999990479,-1,-1
84610,corner.diag,8462,8463,0,0,1,1
84620,corner.diag,8463,8464,9.999999999990479,9.999999999990479,-1,-1
84630,corner.diag,8464,8465,0,0,1,1
84640,corner.diag,8465,8466,9.999999999990479,9.999999999990479,-1,-1
84650,corner.diag,8466,8467,0,0,1,1
84660,corner.diag,8467,8468,9.999999999990479,9.999999999990479,-1,-1
84670,corner.diag,8468,8469,0,0,1,1
84680,corner.diag,8469,8470,9.999999999990479,9.999999999990479,-1,-1
84690,corner.diag,8470,8471,0,0,1,1
84700,corner.diag,8471,8472,9.999999999990479,9.999999999990479,-1,-1
84710,corner.diag,8472,8473,0,0,1,1
84720,corner.diag,8473,8474,9.999999999990479,9.999999999990479,-1,-1
84730,corner.diag,8474,8475,0,0,1,1
84740,corner.diag,8475,8476,9.999999999990479,9.999999999990479,-1,-1
84750,corner.diag,8476,8477,0,0,1,1
84760,corner.diag,8477,8478,9.999999999990479,9.999999999990479,-1,-1
84770,corner.diag,8478,8479,0,0,1,1
84780,corner.diag,8479,8480,9.999999999990479,9.999999999990479,-1,-1
84790,corner.diag,8480,8481,0,0,1,1
84800,corner.diag,8481,8482,9.999999999990479,9.999999999990479,-1,-1
84810,corner.diag,8482,8483,0,0,1,1
84820,corner.diag,8483,8484,9.999999999990479,9.999999999990479,-1,-1
84830,corner.diag,8484,8485,0,0,1,1
84840,corner.diag,8485,8486,9.999999999990479,9.999999999990479,-1,-1
84850,corner.diag,8486,8487,0,0,1,1
84860,corner.diag,8487,8488,9.999999999990479,9.999999999990479,-1,-1
84870,corner.diag,8488,8489,0,0,1,1
84880,corner.diag,8489,8490,9.999999999990479,9.999999999990479,-1,-1
84890,corner.diag,8490,8491,0,0,1,1
84900,corner.diag,8491,8492,9.999999999990479,9.999999999990479,-1,-1
84910,corner.diag,8492,8493,0,0,1,1
84920,corner.diag,8493,8494,9.999999999990479,9.999999999990479,-1,-1
84930,corner.diag,8494,8495,0,0,1,1
84940,corner.diag,8495,8496,9.999999999990479,9.999999999990479,-1,-1
84950,corner.diag,8496,8497,0,0,1,1
84960,corner.diag,8497,8498,9.999999999990479,9.999999999990479,-1,-1
84970,corner.diag,8498,8499,0,0,1,1
84980,corner.diag,8499,8500,9.999999999990479,9.999999999990479,-1,-1
84990,corner.diag,8500,8501,0,0,1,1
85000,corner.diag,8501,8502,9.999999999990479,9.999999999990479,-1,-1
85010,corner.diag,8502,8503,0,0,1,1
85020,corner.diag,8503,8504,9.999999999990479,9.999999999990479,-1,-1
85030,corner.diag,8504,8505,0,0,1,1
85040,corner.diag,8505,8506,9.999999999990479,9.999999999990479,-1,-1
85050,corner.diag,8506,8507,0,0,1,1
85060,corner.diag,8507,8508,9.999999999990479,9.999999999990479,-1,-1
85070,corner.diag,8508,8509,0,0,1,1
85080,corner.diag,8509,8510,9.999999999990479,9.999999999990479,-1,-1
85090,corner.diag,8510,8511,0,0,1,1
85100,corner.diag,8511,8512,9.999999999990479,9.999999999990479,-1,-1
85110,corner.diag,8512,8513,0,0,1,1
85120,corner.diag,8513,8514,9.999999999990479,9.999999999990479,-1,-1
85130,corner.diag,8514,8515,0,0,1,1
85140,corner.diag,8515,8516,9.999999999990479,9.999999999990479,-1,-1
85150,corner.diag,8516,8517,0,0,1,1
85160,corner.diag,8517,8518,9.999999999990479,9.999999999990479,-1,-1
85170,corner.diag,8518,8519,0,0,1,1
85180,corner.diag,8519,8520,9.999999999990479,9.999999999990479,-1,-1
85190,corner.diag,8520,8521,0,0,1,1
85200,corner.diag,8521,8522,9.999999999990479,9.999999999990479,-1,-1
85210,corner.diag,8522,8523,0,0,1,1
85220,corner.diag,8523,8524,9.999999999990479,9.999999999990479,-1,-1
85230,corner.diag,8524,8525,0,0,1,1
85240,corner.diag,8525,8526,9.999999999990479,9.999999999990479,-1,-1
85250,corner.diag,8526,8527,0,0,1,1
85260,corner.diag,8527,8528,9.999999999990479,9.999999999990479,-1,-1
85270,corner.diag,8528,8529,0,0,1,1
85280,corner.diag,8529,8530,9.999999999990479,9.999999999990479,-1,-1
85290,corner.diag,8530,8531,0,0,1,1
85300,corner.diag,8531,8532,9.999999999990479,9.999999999990479,-1,-1
85310,corner.diag,8532,8533,0,0,1,1
85320,corner.diag,8533,8534,9.999999999990479,9.999999999990479,-1,-1
85330,corner.diag,8534,8535,0,0,1,1
85340,corner.diag,8535,8536,9.999999999990479,9.999999999990479,-1,-1
85350,corner.diag,8536,8537,0,0,1,1
85360,corner.diag,8537,8538,9.999999999990479,9.999999999990479,-1,-1
85370,corner.diag,8538,8539,0,0,1,1
85380,corner.diag,8539,8540,9.999999999990479,9.999999999990479,-1,-1
85390,corner.diag,8540,8541,0,0,1,1
85400,corner.diag,8541,8542,9.999999999990479,9.999999999990479,-1,-1
85410,corner.diag,8542,8543,0,0,1,1
85420,corner.diag,8543,8544,9.999999999990479,9.999999999990479,-1,-1
85430,corner.diag,8544,8545,0,0,1,1
85440,corner.diag,8545,8546,9.999999999990479,9.999999999990479,-1,-1
85450,corner.diag,8546,8547,0,0,1,1
85460,corner.diag,8547,8548,9.999999999990479,9.999999999990479,-1,-1
85470,corner.diag,8548,8549,0,0,1,1
85480,corner.diag,8549,8550,9.999999999990479,9.999999999990479,-1,-1
85490,corner.diag,8550,8551,0,0,1,1
85500,corner.diag,8551,8552,9.999999999990479,9.999999999990479,-1,-1
85510,corner.diag,8552,8553,0,0,1,1
85520,corner.diag,8553,8554,9.999999999990479,9.999999999990479,-1,-1
85530,corner.diag,8554,8555,0,0,1,1
85540,corner.diag,8555,8556,9.999999999990479,9.999999999990479,-1,-1
85550,corner.diag,8556,8557,0,0,1,1
85560,corner.diag,8557,8558,9.999999999990479,9.999999999990479,-1,-1
85570,corner.diag,8558,8559,0,0,1,1
85580,corner.diag,8559,8560,9.999999999990479,9.999999999990479,-1,-1
85590,corner.diag,8560,8561,0,0,1,1
85600,corner.diag,8561,8562,9.999999999990479,9.999999999990479,-1,-1
85610,corner.diag,8562,8563,0,0,1,1
85620,corner.diag,8563,8564,9.999999999990479,9.999999999990479,-1,-1
85630,corner.diag,8564,8565,0,0,1,1
85640,corner.diag,8565,8566,9.999999999990479,9.999999999990479,-1,-1
85650,corner.diag,8566,8567,0,0,1,1
85660,corner.diag,8567,8568,9.999999999990479,9.999999999990479,-1,-1
85670,corner.diag,8568,8569,0,0,1,1
85680,corner.diag,8569,8570,9.999999999990479,9.999999999990479,-1,-1
85690,corner.diag,8570,8571,0,0,1,1
85700,corner.diag,8571,8572,9.999999999990479,9.999999999990479,-1,-1
85710,corner.diag,8572,8573,0,0,1,1
85720,corner.diag,8573,8574,9.999999999990479,9.999999999990479,-1,-1
85730,corner.diag,8574,8575,0,0,1,1
85740,corner.diag,8575,8576,9.999999999990479,9.999999999990479,-1,-1
85750,corner.diag,8576,8577,0,0,1,1
85760,corner.diag,8577,8578,9.999999999990479,9.999999999990479,-1,-1
85770,corner.diag,8578,8579,0,0,1,1
85780,corner.diag,8579,8580,9.999999999990479,9.999999999990479,-1,-1
85790,corner.diag,8580,8581,0,0,1,1
85800,corner.diag,8581,8582,9.999999999990479,9.999999999990479,-1,-1
85810,corner.diag,8582,8583,0,0,1,1
85820,corner.diag,8583,8584,9.999999999990479,9.999999999990479,-1,-1
85830,corner.diag,8584,8585,0,0,1,1
85840,corner.diag,8585,8586,9.999999999990479,9.999999999990479,-1,-1
85850,corner.diag,8586,8587,0,0,1,1
85860,corner.diag,8587,8588,9.999999999990479,9.999999999990479,-1,-1
85870,corner.diag,8588,8589,0,0,1,1
85880,corner.diag,8589,8590,9.999999999990479,9.999999999990479,-1,-1
85890,corner.diag,8590,8591,0,0,1,1
85900,corner.diag,8591,8592,9.999999999990479,9.999999999990479,-1,-1
85910,corner.diag,8592,8593,0,0,1,1
85920,corner.diag,8593,8594,9.999999999990479,9.999999999990479,-1,-1
85930,corner.diag,8594,8595,0,0,1,1
85940,corner.diag,8595,8596,9.999999999990479,9.999999999990479,-1,-1
85950,corner.diag,8596,8597,0,0,1,1
85960,corner.diag,8597,8598,9.999999999990479,9.999999999990479,-1,-1
85970,corner.diag,8598,8599,0,0,1,1
85980,corner.diag,8599,8600,9.999999999990479,9.999999999990479,-1,-1
85990,corner.diag,8600,8601,0,0,1,1
86000,corner.diag,8601,8602,9.999999999990479,9.999999999990479,-1,-1
86010,corner.diag,8602,8603,0,0,1,1
86020,corner.diag,8603,8604,9.999999999990479,9.999999999990479,-1,-1
86030,corner.diag,8604,8605,0,0,1,1
86040,corner.diag,8605,8606,9.999999999990479,9.999999999990479,-1,-1
86050,corner.diag,8606,8607,0,0,1,1
86060,corner.diag,8607,8608,9.999999999990479,9.999999999990479,-1,-1
86070,corner.diag,8608,8609,0,0,1,1
86080,corner.diag,8609,8610,9.999999999990479,9.999999999990479,-1,-1
86090,corner.diag,8610,8611,0,0,1,1
86100,corner.diag,8611,8612,9.999999999990479,9.999999999990479,-1,-1
86110,corner.diag,8612,8613,0,0,1,1
86120,corner.diag,8613,8614,9.999999999990479,9.999999999990479,-1,-1
86130,corner.diag,8614,8615,0,0,1,1
86140,corner.diag,8615,8616,9.999999999990479,9.999999999990479,-1,-1
86150,corner.diag,8616,8617,0,0,1,1
86160,corner.diag,8617,8618,9.999999999990479,9.999999999990479,-1,-1
86170,corner.diag,8618,8619,0,0,1,1
86180,corner.diag,8619,8620,9.999999999990479,9.999999999990479,-1,-1
86190,corner.diag,8620,8621,0,0,1,1
86200,corner.diag,8621,8622,9.999999999990479,9.999999999990479,-1,-1
86210,corner.diag,8622,8623,0,0,1,1
86220,corner.diag,8623,8624,9.999999999990479,9.999999999990479,-1,-1
86230,corner.diag,8624,8625,0,0,1,1
86240,corner.diag,8625,8626,9.999999999990479,9.999999999990479,-1,-1
86250,corner.diag,8626,8627,0,0,1,1
86260,corner.diag,8627,8628,9.999999999990479,9.999999999990479,-1,-1
86270,corner.diag,8628,8629,0,0,1,1
86280,corner.diag,8629,8630,9.999999999990479,9.999999999990479,-1,-1
86290,corner.diag,8630,8631,0,0,1,1
86300,corner.diag,8631,8632,9.999999999990479,9.999999999990479,-1,-1
86310,corner.diag,8632,8633,0,0,1,1
86320,corner.diag,8633,8634,9.999999999990479,9.999999999990479,-1,-1
86330,corner.diag,8634,8635,0,0,1,1
86340,corner.diag,8635,8636,9.999999999990479,9.999999999990479,-1,-1
86350,corner.diag,8636,8637,0,0,1,1
86360,corner.diag,8637,8638,9.999999999990479,9.999999999990479,-1,-1
86370,corner.diag,8638,8639,0,0,1,1
86380,corner.diag,8639,8640,9.999999999990479,9.999999999990479,-1,-1
86390,corner.diag,8640,8641,0,0,1,1
86400,corner.diag,8641,8642,9.999999999990479,9.999999999990479,-1,-1
86410,corner.diag,8642,8643,0,0,1,1
86420,corner.diag,8643,8644,9.999999999990479,9.999999999990479,-1,-1
86430,corner.diag,8644,8645,0,0,1,1
86440,corner.diag,8645,8646,9.999999999990479,9.999999999990479,-1,-1
86450,corner.diag,8646,8647,0,0,1,1
86460,corner.diag,8647,8648,9.999999999990479,9.999999999990479,-1,-1
86470,corner.diag,8648,8649,0,0,1,1
86480,corner.diag,8649,8650,9.999999999990479,9.999999999990479,-1,-1
86490,corner.diag,8650,8651,0,0,1,1
86500,corner.diag,8651,8652,9.999999999990479,9.999999999990479,-1,-1
86510,corner.diag,8652,8653,0,0,1,1
86520,corner.diag,8653,8654,9.999999999990479,9.999999999990479,-1,-1
86530,corner.diag,8654,8655,0,0,1,1
86540,corner.diag,8655,8656,9.999999999990479,9.999999999990479,-1,-1
86550,corner.diag,8656,8657,0,0,1,1
86560,corner.diag,8657,8658,9.999999999990479,9.999999999990479,-1,-1
86570,corner.diag,8658,8659,0,0,1,1
86580,corner.diag,8659,8660,9.999999999990479,9.999999999990479,-1,-1
86590,corner.diag,8660,8661,0,0,1,1
86600,corner.diag,8661,8662,9.999999999990479,9.999999999990479,-1,-1
86610,corner.diag,8662,8663,0,0,1,1
86620,corner.diag,8663,8664,9.999999999990479,9.999999999990479,-1,-1
86630,corner.diag,8664,8665,0,0,1,1
86640,corner.diag,8665,8666,9.999999999990479,9.999999999990479,-1,-1
86650,corner.diag,8666,8667,0,0,1,1
86660,corner.diag,8667,8668,9.999999999990479,9.999999999990479,-1,-1
86670,corner.diag,8668,8669,0,0,1,1
86680,corner.diag,8669,8670,9.999999999990479,9.999999999990479,-1,-1
86690,corner.diag,8670,8671,0,0,1,1
86700,corner.diag,8671,8672,9.999999999990479,9.999999999990479,-1,-1
86710,corner.diag,8672,8673,0,0,1,1
86720,corner.diag,8673,8674,9.999999999990479,9.999999999990479,-1,-1
86730,corner.diag,8674,8675,0,0,1,1
86740,corner.diag,8675,8676,9.999999999990479,9.999999999990479,-1,-1
86750,corner.diag,8676,8677,0,0,1,1
86760,corner.diag,8677,8678,9.999999999990479,9.999999999990479,-1,-1
86770,corner.diag,8678,8679,0,0,1,1
86780,corner.diag,8679,8680,9.999999999990479,9.999999999990479,-1,-1
86790,corner.diag,8680,8681,0,0,1,1
86800,corner.diag,8681,8682,9.999999999990479,9.999999999990479,-1,-1
86810,corner.diag,8682,8683,0,0,1,1
86820,corner.diag,8683,8684,9.999999999990479,9.999999999990479,-1,-1
86830,corner.diag,8684,8685,0,0,1,1
86840,corner.diag,8685,8686,9.999999999990479,9.999999999990479,-1,-1
86850,corner.diag,8686,8687,0,0,1,1
86860,corner.diag,8687,8688,9.999999999990479,9.999999999990479,-1,-1
86870,corner.diag,8688,8689,0,0,1,1
86880,corner.diag,8689,8690,9.999999999990479,9.999999999990479,-1,-1
86890,corner.diag,8690,8691,0,0,1,1
86900,corner.diag,8691,8692,9.999999999990479,9.999999999990479,-1,-1
86910,corner.diag,8692,8693,0,0,1,1
86920,corner.diag,8693,8694,9.999999999990479,9.999999999990479,-1,-1
86930,corner.diag,8694,8695,0,0,1,1
86940,corner.diag,8695,8696,9.999999999990479,9.999999999990479,-1,-1
86950,corner.diag,8696,8697,0,0,1,1
86960,corner.diag,8697,8698,9.999999999990479,9.999999999990479,-1,-1
86970,corner.diag,8698,8699,0,0,1,1
86980,corner.diag,8699,8700,9.999999999990479,9.999999999990479,-1,-1
86990,corner.diag,8700,8701,0,0,1,1
87000,corner.diag,8701,8702,9.999999999990479,9.999999999990479,-1,-1
87010,corner.diag,8702,8703,0,0,1,1
87020,corner.diag,8703,8704,9.999999999990479,9.999999999990479,-1,-1
87030,corner.diag,8704,8705,0,0,1,1
87040,corner.diag,8705,8706,9.999999999990479,9.999999999990479,-1,-1
87050,corner.diag,8706,8707,0,0,1,1
87060,corner.diag,8707,8708,9.999999999990479,9.999999999990479,-1,-1
87070,corner.diag,8708,8709,0,0,1,1
87080,corner.diag,8709,8710,9.999999999990479,9.999999999990479,-1,-1
87090,corner.diag,8710,8711,0,0,1,1
87100,corner.diag,8711,8712,9.999999999990479,9.999999999990479,-1,-1
87110,corner.diag,8712,8713,0,0,1,1
87120,corner.diag,8713,8714,9.999999999990479,9.999999999990479,-1,-1
87130,corner.diag,8714,8715,0,0,1,1
87140,corner.diag,8715,8716,9.999999999990479,9.999999999990479,-1,-1
87150,corner.diag,8716,8717,0,0,1,1
87160,corner.diag,8717,8718,9.999999999990479,9.999999999990479,-1,-1
87170,corner.diag,8718,8719,0,0,1,1
87180,corner.diag,8719,8720,9.999999999990479,9.999999999990479,-1,-1
87190,corner.diag,8720,8721,0,0,1,1
87200,corner.diag,8721,8722,9.999999999990479,9.999999999990479,-1,-1
87210,corner.diag,8722,8723,0,0,1,1
87220,corner.diag,8723,8724,9.999999999990479,9.999999999990479,-1,-1
87230,corner.diag,8724,8725,0,0,1,1
87240,corner.diag,8725,8726,9.999999999990479,9.999999999990479,-1,-1
87250,corner.diag,8726,8727,0,0,1,1
87260,corner.diag,8727,8728,9.999999999990479,9.999999999990479,-1,-1
87270,corner.diag,8728,8729,0,0,1,1
87280,corner.diag,8729,8730,9.999999999990479,9.999999999990479,-1,-1
87290,corner.diag,8730,8731,0,0,1,1
87300,corner.diag,8731,8732,9.999999999990479,9.999999999990479,-1,-1
87310,corner.diag,8732,8733,0,0,1,1
87320,corner.diag,8733,8734,9.999999999990479,9.999999999990479,-1,-1
87330,corner.diag,8734,8735,0,0,1,1
87340,corner.diag,8735,8736,9.999999999990479,9.999999999990479,-1,-1
87350,corner.diag,8736,8737,0,0,1,1
87360,corner.diag,8737,8738,9.999999999990479,9.999999999990479,-1,-1
87370,corner.diag,8738,8739,0,0,1,1
87380,corner.diag,8739,8740,9.999999999990479,9.999999999990479,-1,-1
87390,corner.diag,8740,8741,0,0,1,1
87400,corner.diag,8741,8742,9.999999999990479,9.999999999990479,-1,-1
87410,corner.diag,8742,8743,0,0,1,1
87420,corner.diag,8743,8744,9.999999999990479,9.999999999990479,-1,-1
87430,corner.diag,8744,8745,0,0,1,1
87440,corner.diag,8745,8746,9.999999999990479,9.999999999990479,-1,-1
87450,corner.diag,8746,8747,0,0,1,1
87460,corner.diag,8747,8748,9.999999999990479,9.999999999990479,-1,-1
87470,corner.diag,8748,8749,0,0,1,1
87480,corner.diag,8749,8750,9.999999999990479,9.999999999990479,-1,-1
87490,corner.diag,8750,8751,0,0,1,1
87500,corner.diag,8751,8752,9.999999999990479,9.999999999990479,-1,-1
87510,corner.diag,8752,8753,0,0,1,1
87520,corner.diag,8753,8754,9.999999999990479,9.999999999990479,-1,-1
87530,corner.diag,8754,8755,0,0,1,1
87540,corner.diag,8755,8756,9.999999999990479,9.999999999990479,-1,-1
87550,corner.diag,8756,8757,0,0,1,1
87560,corner.diag,8757,8758,9.999999999990479,9.999999999990479,-1,-1
87570,corner.diag,8758,8759,0,0,1,1
87580,corner.diag,8759,8760,9.999999999990479,9.999999999990479,-1,-1
87590,corner.diag,8760,8761,0,0,1,1
87600,corner.diag,8761,8762,9.999999999990479,9.999999999990479,-1,-1
87610,corner.diag,8762,8763,0,0,1,1
87620,corner.diag,8763,8764,9.999999999990479,9.999999999990479,-1,-1
87630,corner.diag,8764,8765,0,0,1,1
87640,corner.diag,8765,8766,9.999999999990479,9.999999999990479,-1,-1
87650,corner.diag,8766,8767,0,0,1,1
87660,corner.diag,8767,8768,9.999999999990479,9.999999999990479,-1,-1
87670,corner.diag,8768,8769,0,0,1,1
87680,corner.diag,8769,8770,9.999999999990479,9.999999999990479,-1,-1
87690,corner.diag,8770,8771,0,0,1,1
87700,corner.diag,8771,8772,9.999999999990479,9.999999999990479,-1,-1
87710,corner.diag,8772,8773,0,0,1,1
87720,corner.diag,8773,8774,9.999999999990479,9.999999999990479,-1,-1
87730,corner.diag,8774,8775,0,0,1,1
87740,corner.diag,8775,8776,9.999999999990479,9.999999999990479,-1,-1
87750,corner.diag,8776,8777,0,0,1,1
87760,corner.diag,8777,8778,9.999999999990479,9.999999999990479,-1,-1
87770,corner.diag,8778,8779,0,0,1,1
87780,corner.diag,8779,8780,9.999999999990479,9.999999999990479,-1,-1
87790,corner.diag,8780,8781,0,0,1,1
87800,corner.diag,8781,8782,9.999999999990479,9.999999999990479,-1,-1
87810,corner.diag,8782,8783,0,0,1,1
87820,corner.diag,8783,8784,9.999999999990479,9.999999999990479,-1,-1
87830,corner.diag,8784,8785,0,0,1,1
87840,corner.diag,8785,8786,9.999999999990479,9.999999999990479,-1,-1
87850,corner.diag,8786,8787,0,0,1,1
87860,corner.diag,8787,8788,9.999999999990479,9.999999999990479,-1,-1
87870,corner.diag,8788,8789,0,0,1,1
87880,corner.diag,8789,8790,9.999999999990479,9.999999999990479,-1,-1
87890,corner.diag,8790,8791,0,0,1,1
87900,corner.diag,8791,8792,9.999999999990479,9.999999999990479,-1,-1
87910,corner.diag,8792,8793,0,0,1,1
87920,corner.diag,8793,8794,9.999999999990479,9.999999999990479,-1,-1
87930,corner.diag,8794,8795,0,0,1,1
87940,corner.diag,8795,8796,9.999999999990479,9.999999999990479,-1,-1
87950,corner.diag,8796,8797,0,0,1,1
87960,corner.diag,8797,8798,9.999999999990479,9.999999999990479,-1,-1
87970,corner.diag,8798,8799,0,0,1,1
87980,corner.diag,8799,8800,9.999999999990479,9.999999999990479,-1,-1
87990,corner.diag,8800,8801,0,0,1,1
88000,corner.diag,8801,8802,9.999999999990479,9.999999999990479,-1,-1
88010,corner.diag,8802,8803,0,0,1,1
88020,corner.diag,8803,8804,9.999999999990479,9.999999999990479,-1,-1
88030,corner.diag,8804,8805,0,0,1,1
88040,corner.diag,8805,8806,9.999999999990479,9.999999999990479,-1,-1
88050,corner.diag,8806,8807,0,0,1,1
88060,corner.diag,8807,8808,9.999999999990479,9.999999999990479,-1,-1
88070,corner.diag,8808,8809,0,0,1,1
88080,corner.diag,8809,8810,9.999999999990479,9.999999999990479,-1,-1
88090,corner.diag,8810,8811,0,0,1,1
88100,corner.diag,8811,8812,9.999999999990479,9.999999999990479,-1,-1
88110,corner.diag,8812,8813,0,0,1,1
88120,corner.diag,8813,8814,9.999999999990479,9.999999999990479,-1,-1
88130,corner.diag,8814,8815,0,0,1,1
88140,corner.diag,8815,8816,9.999999999990479,9.999999999990479,-1,-1
88150,corner.diag,8816,8817,0,0,1,1
88160,corner.diag,8817,8818,9.999999999990479,9.999999999990479,-1,-1
88170,corner.diag,8818,8819,0,0,1,1
88180,corner.diag,8819,8820,9.999999999990479,9.999999999990479,-1,-1
88190,corner.diag,8820,8821,0,0,1,1
88200,corner.diag,8821,8822,9.999999999990479,9.999999999990479,-1,-1
88210,corner.diag,8822,8823,0,0,1,1
88220,corner.diag,8823,8824,9.999999999990479,9.999999999990479,-1,-1
88230,corner.diag,8824,8825,0,0,1,1
88240,corner.diag,8825,8826,9.999999999990479,9.999999999990479,-1,-1
88250,corner.diag,8826,8827,0,0,1,1
88260,corner.diag,8827,8828,9.999999999990479,9.999999999990479,-1,-1
88270,corner.diag,8828,8829,0,0,1,1
88280,corner.diag,8829,8830,9.999999999990479,9.999999999990479,-1,-1
88290,corner.diag,8830,8831,0,0,1,1
88300,corner.diag,8831,8832,9.999999999990479,9.999999999990479,-1,-1
88310,corner.diag,8832,8833,0,0,1,1
88320,corner.diag,8833,8834,9.999999999990479,9.999999999990479,-1,-1
88330,corner.diag,8834,8835,0,0,1,1
88340,corner.diag,8835,8836,9.999999999990479,9.999999999990479,-1,-1
88350,corner.diag,8836,8837,0,0,1,1
88360,corner.diag,8837,8838,9.999999999990479,9.999999999990479,-1,-1
88370,corner.diag,8838,8839,0,0,1,1
88380,corner.diag,8839,8840,9.999999999990479,9.999999999990479,-1,-1
88390,corner.diag,8840,8841,0,0,1,1
88400,corner.diag,8841,8842,9.999999999990479,9.999999999990479,-1,-1
88410,corner.diag,8842,8843,0,0,1,1
88420,corner.diag,8843,8844,9.999999999990479,9.999999999990479,-1,-1
88430,corner.diag,8844,8845,0,0,1,1
88440,corner.diag,8845,8846,9.999999999990479,9.999999999990479,-1,-1
88450,corner.diag,8846,8847,0,0,1,1
88460,corner.diag,8847,8848,9.999999999990479,9.999999999990479,-1,-1
88470,corner.diag,8848,8849,0,0,1,1
88480,corner.diag,8849,8850,9.999999999990479,9.999999999990479,-1,-1
88490,corner.diag,8850,8851,0,0,1,1
88500,corner.diag,8851,8852,9.999999999990479,9.999999999990479,-1,-1
88510,corner.diag,8852,8853,0,0,1,1
88520,corner.diag,8853,8854,9.999999999990479,9.999999999990479,-1,-1
88530,corner.diag,8854,8855,0,0,1,1
88540,corner.diag,8855,8856,9.999999999990479,9.999999999990479,-1,-1
88550,corner.diag,8856,8857,0,0,1,1
88560,corner.diag,8857,8858,9.999999999990479,9.999999999990479,-1,-1
88570,corner.diag,8858,8859,0,0,1,1
88580,corner.diag,8859,8860,9.999999999990479,9.999999999990479,-1,-1
88590,corner.diag,8860,8861,0,0,1,1
88600,corner.diag,8861,8862,9.999999999990479,9.999999999990479,-1,-1
88610,corner.diag,8862,8863,0,0,1,1
88620,corner.diag,8863,8864,9.999999999990479,9.999999999990479,-1,-1
88630,corner.diag,8864,8865,0,0,1,1
88640,corner.diag,8865,8866,9.999999999990479,9.999999999990479,-1,-1
88650,corner.diag,8866,8867,0,0,1,1
88660,corner.diag,8867,8868,9.999999999990479,9.999999999990479,-1,-1
88670,corner.diag,8868,8869,0,0,1,1
88680,corner.diag,8869,8870,9.999999999990479,9.999999999990479,-1,-1
88690,corner.diag,8870,8871,0,0,1,1
88700,corner.diag,8871,8872,9.999999999990479,9.999999999990479,-1,-1
88710,corner.diag,8872,8873,0,0,1,1
88720,corner.diag,8873,8874,9.999999999990479,9.999999999990479,-1,-1
88730,corner.diag,8874,8875,0,0,1,1
88740,corner.diag,8875,8876,9.999999999990479,9.999999999990479,-1,-1
88750,corner.diag,8876,8877,0,0,1,1
88760,corner.diag,8877,8878,9.999999999990479,9.999999999990479,-1,-1
88770,corner.diag,8878,8879,0,0,1,1
88780,corner.diag,8879,8880,9.999999999990479,9.999999999990479,-1,-1
88790,corner.diag,8880,8881,0,0,1,1
88800,corner.diag,8881,8882,9.999999999990479,9.999999999990479,-1,-1
88810,corner.diag,8882,8883,0,0,1,1
88820,corner.diag,8883,8884,9.999999999990479,9.999999999990479,-1,-1
88830,corner.diag,8884,8885,0,0,1,1
88840,corner.diag,8885,8886,9.999999999990479,9.999999999990479,-1,-1
88850,corner.diag,8886,8887,0,0,1,1
88860,corner.diag,8887,8888,9.999999999990479,9.999999999990479,-1,-1
88870,corner.diag,8888,8889,0,0,1,1
88880,corner.diag,8889,8890,9.999999999990479,9.999999999990479,-1,-1
88890,corner.diag,8890,8891,0,0,1,1
88900,corner.diag,8891,8892,9.999999999990479,9.999999999990479,-1,-1
88910,corner.diag,8892,8893,0,0,1,1
88920,corner.diag,8893,8894,9.999999999990479,9.999999999990479,-1,-1
88930,corner.diag,8894,8895,0,0,1,1
88940,corner.diag,8895,8896,9.999999999990479,9.999999999990479,-1,-1
88950,corner.diag,8896,8897,0,0,1,1
88960,corner.diag,8897,8898,9.999999999990479,9.999999999990479,-1,-1
88970,corner.diag,8898,8899,0,0,1,1
88980,corner.diag,8899,8900,9.999999999990479,9.999999999990479,-1,-1
88990,corner.diag,8900,8901,0,0,1,1
89000,corner.diag,8901,8902,9.999999999990479,9.999999999990479,-1,-1
89010,corner.diag,8902,8903,0,0,1,1
89020,corner.diag,8903,8904,9.999999999990479,9.999999999990479,-1,-1
89030,corner.diag,8904,8905,0,0,1,1
89040,corner.diag,8905,8906,9.999999999990479,9.999999999990479,-1,-1
89050,corner.diag,8906,8907,0,0,1,1
89060,corner.diag,8907,8908,9.999999999990479,9.999999999990479,-1,-1
89070,corner.diag,8908,8909,0,0,1,1
89080,corner.diag,8909,8910,9.999999999990479,9.999999999990479,-1,-1
89090,corner.diag,8910,8911,0,0,1,1
89100,corner.diag,8911,8912,9.999999999990479,9.999999999990479,-1,-1
89110,corner.diag,8912,8913,0,0,1,1
89120,corner.diag,8913,8914,9.999999999990479,9.999999999990479,-1,-1
89130,corner.diag,8914,8915,0,0,1,1
89140,corner.diag,8915,8916,9.999999999990479,9.999999999990479,-1,-1
89150,corner.diag,8916,8917,0,0,1,1
89160,corner.diag,8917,8918,9.999999999990479,9.999999999990479,-1,-1
89170,corner.diag,8918,8919,0,0,1,1
89180,corner.diag,8919,8920,9.999999999990479,9.999999999990479,-1,-1
89190,corner.diag,8920,8921,0,0,1,1
89200,corner.diag,8921,8922,9.999999999990479,9.999999999990479,-1,-1
89210,corner.diag,8922,8923,0,0,1,1
89220,corner.diag,8923,8924,9.999999999990479,9.999999999990479,-1,-1
89230,corner.diag,8924,8925,0,0,1,1
89240,corner.diag,8925,8926,9.999999999990479,9.999999999990479,-1,-1
89250,corner.diag,8926,8927,0,0,1,1
89260,corner.diag,8927,8928,9.999999999990479,9.999999999990479,-1,-1
89270,corner.diag,8928,8929,0,0,1,1
89280,corner.diag,8929,8930,9.999999999990479,9.999999999990479,-1,-1
89290,corner.diag,8930,8931,0,0,1,1
89300,corner.diag,8931,8932,9.999999999990479,9.999999999990479,-1,-1
89310,corner.diag,8932,8933,0,0,1,1
89320,corner.diag,8933,8934,9.999999999990479,9.999999999990479,-1,-1
89330,corner.diag,8934,8935,0,0,1,1
89340,corner.diag,8935,8936,9.999999999990479,9.999999999990479,-1,-1
89350,corner.diag,8936,8937,0,0,1,1
89360,corner.diag,8937,8938,9.999999999990479,9.999999999990479,-1,-1
89370,corner.diag,8938,8939,0,0,1,1
89380,corner.diag,8939,8940,9.999999999990479,9.999999999990479,-1,-1
89390,corner.diag,8940,8941,0,0,1,1
89400,corner.diag,8941,8942,9.999999999990479,9.999999999990479,-1,-1
89410,corner.diag,8942,8943,0,0,1,1
89420,corner.diag,8943,8944,9.999999999990479,9.999999999990479,-1,-1
89430,corner.diag,8944,8945,0,0,1,1
89440,corner.diag,8945,8946,9.999999999990479,9.999999999990479,-1,-1
89450,corner.diag,8946,8947,0,0,1,1
89460,corner.diag,8947,8948,9.999999999990479,9.999999999990479,-1,-1
89470,corner.diag,8948,8949,0,0,1,1
89480,corner.diag,8949,8950,9.999999999990479,9.999999999990479,-1,-1
89490,corner.diag,8950,8951,0,0,1,1
89500,corner.diag,8951,8952,9.999999999990479,9.999999999990479,-1,-1
89510,corner.diag,8952,8953,0,0,1,1
89520,corner.diag,8953,8954,9.999999999990479,9.999999999990479,-1,-1
89530,corner.diag,8954,8955,0,0,1,1
89540,corner.diag,8955,8956,9.999999999990479,9.999999999990479,-1,-1
89550,corner.diag,8956,8957,0,0,1,1
89560,corner.diag,8957,8958,9.999999999990479,9.999999999990479,-1,-1
89570,corner.diag,8958,8959,0,0,1,1
89580,corner.diag,8959,8960,9.999999999990479,9.999999999990479,-1,-1
89590,corner.diag,8960,8961,0,0,1,1
89600,corner.diag,8961,8962,9.999999999990479,9.999999999990479,-1,-1
89610,corner.diag,8962,8963,0,0,1,1
89620,corner.diag,8963,8964,9.999999999990479,9.999999999990479,-1,-1
89630,corner.diag,8964,8965,0,0,1,1
89640,corner.diag,8965,8966,9.999999999990479,9.999999999990479,-1,-1
89650,corner.diag,8966,8967,0,0,1,1
89660,corner.diag,8967,8968,9.999999999990479,9.999999999990479,-1,-1
89670,corner.diag,8968,8969,0,0,1,1
89680,corner.diag,8969,8970,9.999999999990479,9.999999999990479,-1,-1
89690,corner.diag,8970,8971,0,0,1,1
89700,corner.diag,8971,8972,9.999999999990479,9.999999999990479,-1,-1
89710,corner.diag,8972,8973,0,0,1,1
89720,corner.diag,8973,8974,9.999999999990479,9.999999999990479,-1,-1
89730,corner.diag,8974,8975,0,0,1,1
89740,corner.diag,8975,8976,9.999999999990479,9.999999999990479,-1,-1
89750,corner.diag,8976,8977,0,0,1,1
89760,corner.diag,8977,8978,9.999999999990479,9.999999999990479,-1,-1
89770,corner.diag,8978,8979,0,0,1,1
89780,corner.diag,8979,8980,9.999999999990479,9.999999999990479,-1,-1
89790,corner.diag,8980,8981,0,0,1,1
89800,corner.diag,8981,8982,9.999999999990479,9.999999999990479,-1,-1
89810,corner.diag,8982,8983,0,0,1,1
89820,corner.diag,8983,8984,9.999999999990479,9.999999999990479,-1,-1
89830,corner.diag,8984,8985,0,0,1,1
89840,corner.diag,8985,8986,9.999999999990479,9.999999999990479,-1,-1
89850,corner.diag,8986,8987,0,0,1,1
89860,corner.diag,8987,8988,9.999999999990479,9.999999999990479,-1,-1
89870,corner.diag,8988,8989,0,0,1,1
89880,corner.diag,8989,8990,9.999999999990479,9.999999999990479,-1,-1
89890,corner.diag,8990,8991,0,0,1,1
89900,corner.diag,8991,8992,9.999999999990479,9.999999999990479,-1,-1
89910,corner.diag,8992,8993,0,0,1,1
89920,corner.diag,8993,8994,9.999999999990479,9.999999999990479,-1,-1
89930,corner.diag,8994,8995,0,0,1,1
89940,corner.diag,8995,8996,9.999999999990479,9.999999999990479,-1,-1
89950,corner.diag,8996,8997,0,0,1,1
89960,corner.diag,8997,8998,9.999999999990479,9.999999999990479,-1,-1
89970,corner.diag,8998,8999,0,0,1,1
89980,corner.diag,8999,9000,9.999999999990479,9.999999999990479,-1,-1
89990,corner.diag,9000,9001,0,0,1,1
90000,corner.diag,9001,9002,9.999999999990479,9.999999999990479,-1,-1
90010,corner.diag,9002,9003,0,0,1,1
90020,corner.diag,9003,9004,9.999999999990479,9.999999999990479,-1,-1
90030,corner.diag,9004,9005,0,0,1,1
90040,corner.diag,9005,9006,9.999999999990479,9.999999999990479,-1,-1
90050,corner.diag,9006,9007,0,0,1,1
90060,corner.diag,9007,9008,9.999999999990479,9.999999999990479,-1,-1
90070,corner.diag,9008,9009,0,0,1,1
90080,corner.diag,9009,9010,9.999999999990479,9.999999999990479,-1,-1
90090,corner.diag,9010,9011,0,0,1,1
90100,corner.diag,9011,9012,9.999999999990479,9.999999999990479,-1,-1
90110,corner.diag,9012,9013,0,0,1,1
90120,corner.diag,9013,9014,9.999999999990479,9.999999999990479,-1,-1
90130,corner.diag,9014,9015,0,0,1,1
90140,corner.diag,9015,9016,9.999999999990479,9.999999999990479,-1,-1
90150,corner.diag,9016,9017,0,0,1,1
90160,corner.diag,9017,9018,9.999999999990479,9.999999999990479,-1,-1
90170,corner.diag,9018,9019,0,0,1,1
90180,corner.diag,9019,9020,9.999999999990479,9.999999999990479,-1,-1
90190,corner.diag,9020,9021,0,0,1,1
90200,corner.diag,9021,9022,9.999999999990479,9.999999999990479,-1,-1
90210,corner.diag,9022,9023,0,0,1,1
90220,corner.diag,9023,9024,9.999999999990479,9.999999999990479,-1,-1
90230,corner.diag,9024,9025,0,0,1,1
90240,corner.diag,9025,9026,9.999999999990479,9.999999999990479,-1,-1
90250,corner.diag,9026,9027,0,0,1,1
90260,corner.diag,9027,9028,9.999999999990479,9.999999999990479,-1,-1
90270,corner.diag,9028,9029,0,0,1,1
90280,corner.diag,9029,9030,9.999999999990479,9.999999999990479,-1,-1
90290,corner.diag,9030,9031,0,0,1,1
90300,corner.diag,9031,9032,9.999999999990479,9.999999999990479,-1,-1
90310,corner.diag,9032,9033,0,0,1,1
90320,corner.diag,9033,9034,9.999999999990479,9.999999999990479,-1,-1
90330,corner.diag,9034,9035,0,0,1,1
90340,corner.diag,9035,9036,9.999999999990479,9.999999999990479,-1,-1
90350,corner.diag,9036,9037,0,0,1,1
90360,corner.diag,9037,9038,9.999999999990479,9.999999999990479,-1,-1
90370,corner.diag,9038,9039,0,0,1,1
90380,corner.diag,9039,9040,9.999999999990479,9.999999999990479,-1,-1
90390,corner.diag,9040,9041,0,0,1,1
90400,corner.diag,9041,9042,9.999999999990479,9.999999999990479,-1,-1
90410,corner.diag,9042,9043,0,0,1,1
90420,corner.diag,9043,9044,9.999999999990479,9.999999999990479,-1,-1
90430,corner.diag,9044,9045,0,0,1,1
90440,corner.diag,9045,9046,9.999999999990479,9.999999999990479,-1,-1
90450,corner.diag,9046,9047,0,0,1,1
90460,corner.diag,9047,9048,9.999999999990479,9.999999999990479,-1,-1
90470,corner.diag,9048,9049,0,0,1,1
90480,corner.diag,9049,9050,9.999999999990479,9.999999999990479,-1,-1
90490,corner.diag,9050,9051,0,0,1,1
90500,corner.diag,9051,9052,9.999999999990479,9.999999999990479,-1,-1
90510,corner.diag,9052,9053,0,0,1,1
90520,corner.diag,9053,9054,9.999999999990479,9.999999999990479,-1,-1
90530,corner.diag,9054,9055,0,0,1,1
90540,corner.diag,9055,9056,9.999999999990479,9.999999999990479,-1,-1
90550,corner.diag,9056,9057,0,0,1,1
90560,corner.diag,9057,9058,9.999999999990479,9.999999999990479,-1,-1
90570,corner.diag,9058,9059,0,0,1,1
90580,corner.diag,9059,9060,9.999999999990479,9.999999999990479,-1,-1
90590,corner.diag,9060,9061,0,0,1,1
90600,corner.diag,9061,9062,9.999999999990479,9.999999999990479,-1,-1
90610,corner.diag,9062,9063,0,0,1,1
90620,corner.diag,9063,9064,9.999999999990479,9.999999999990479,-1,-1
90630,corner.diag,9064,9065,0,0,1,1
90640,corner.diag,9065,9066,9.999999999990479,9.999999999990479,-1,-1
90650,corner.diag,9066,9067,0,0,1,1
90660,corner.diag,9067,9068,9.999999999990479,9.999999999990479,-1,-1
90670,corner.diag,9068,9069,0,0,1,1
90680,corner.diag,9069,9070,9.999999999990479,9.999999999990479,-1,-1
90690,corner.diag,9070,9071,0,0,1,1
90700,corner.diag,9071,9072,9.999999999990479,9.999999999990479,-1,-1
90710,corner.diag,9072,9073,0,0,1,1
90720,corner.diag,9073,9074,9.999999999990479,9.999999999990479,-1,-1
90730,corner.diag,9074,9075,0,0,1,1
90740,corner.diag,9075,9076,9.999999999990479,9.999999999990479,-1,-1
90750,corner.diag,9076,9077,0,0,1,1
90760,corner.diag,9077,9078,9.999999999990479,9.999999999990479,-1,-1
90770,corner.diag,9078,9079,0,0,1,1
90780,corner.diag,9079,9080,9.999999999990479,9.999999999990479,-1,-1
90790,corner.diag,9080,9081,0,0,1,1
90800,corner.diag,9081,9082,9.999999999990479,9.999999999990479,-1,-1
90810,corner.diag,9082,9083,0,0,1,1
90820,corner.diag,9083,9084,9.999999999990479,9.999999999990479,-1,-1
90830,corner.diag,9084,9085,0,0,1,1
90840,corner.diag,9085,9086,9.999999999990479,9.999999999990479,-1,-1
90850,corner.diag,9086,9087,0,0,1,1
90860,corner.diag,9087,9088,9.999999999990479,9.999999999990479,-1,-1
90870,corner.diag,9088,9089,0,0,1,1
90880,corner.diag,9089,9090,9.999999999990479,9.999999999990479,-1,-1
90890,corner.diag,9090,9091,0,0,1,1
90900,corner.diag,9091,9092,9.999999999990479,9.999999999990479,-1,-1
90910,corner.diag,9092,9093,0,0,1,1
90920,corner.diag,9093,9094,9.999999999990479,9.999999999990479,-1,-1
90930,corner.diag,9094,9095,0,0,1,1
90940,corner.diag,9095,9096,9.999999999990479,9.999999999990479,-1,-1
90950,corner.diag,9096,9097,0,0,1,1
90960,corner.diag,9097,9098,9.999999999990479,9.999999999990479,-1,-1
90970,corner.diag,9098,9099,0,0,1,1
90980,corner.diag,9099,9100,9.999999999990479,9.999999999990479,-1,-1
90990,corner.diag,9100,9101,0,0,1,1
91000,corner.diag,9101,9102,9.999999999990479,9.999999999990479,-1,-1
91010,corner.diag,9102,9103,0,0,1,1
91020,corner.diag,9103,9104,9.999999999990479,9.999999999990479,-1,-1
91030,corner.diag,9104,9105,0,0,1,1
91040,corner.diag,9105,9106,9.999999999990479,9.999999999990479,-1,-1
91050,corner.diag,9106,9107,0,0,1,1
91060,corner.diag,9107,9108,9.999999999990479,9.999999999990479,-1,-1
91070,corner.diag,9108,9109,0,0,1,1
91080,corner.diag,9109,9110,9.999999999990479,9.999999999990479,-1,-1
91090,corner.diag,9110,9111,0,0,1,1
91100,corner.diag,9111,9112,9.999999999990479,9.999999999990479,-1,-1
91110,corner.diag,9112,9113,0,0,1,1
91120,corner.diag,9113,9114,9.999999999990479,9.999999999990479,-1,-1
91130,corner.diag,9114,9115,0,0,1,1
91140,corner.diag,9115,9116,9.999999999990479,9.999999999990479,-1,-1
91150,corner.diag,9116,9117,0,0,1,1
91160,corner.diag,9117,9118,9.999999999990479,9.999999999990479,-1,-1
91170,corner.diag,9118,9119,0,0,1,1
91180,corner.diag,9119,9120,9.999999999990479,9.999999999990479,-1,-1
91190,corner.diag,9120,9121,0,0,1,1
91200,corner.diag,9121,9122,9.999999999990479,9.999999999990479,-1,-1
91210,corner.diag,9122,9123,0,0,1,1
91220,corner.diag,9123,9124,9.999999999990479,9.999999999990479,-1,-1
91230,corner.diag,9124,9125,0,0,1,1
91240,corner.diag,9125,9126,9.999999999990479,9.999999999990479,-1,-1
91250,corner.diag,9126,9127,0,0,1,1
91260,corner.diag,9127,9128,9.999999999990479,9.999999999990479,-1,-1
91270,corner.diag,9128,9129,0,0,1,1
91280,corner.diag,9129,9130,9.999999999990479,9.999999999990479,-1,-1
91290,corner.diag,9130,9131,0,0,1,1
91300,corner.diag,9131,9132,9.999999999990479,9.999999999990479,-1,-1
91310,corner.diag,9132,9133,0,0,1,1
91320,corner.diag,9133,9134,9.999999999990479,9.999999999990479,-1,-1
91330,corner.diag,9134,9135,0,0,1,1
91340,corner.diag,9135,9136,9.999999999990479,9.999999999990479,-1,-1
91350,corner.diag,9136,9137,0,0,1,1
91360,corner.diag,9137,9138,9.999999999990479,9.999999999990479,-1,-1
91370,corner.diag,9138,9139,0,0,1,1
91380,corner.diag,9139,9140,9.999999999990479,9.999999999990479,-1,-1
91390,corner.diag,9140,9141,0,0,1,1
91400,corner.diag,9141,9142,9.999999999990479,9.999999999990479,-1,-1
91410,corner.diag,9142,9143,0,0,1,1
91420,corner.diag,9143,9144,9.999999999990479,9.999999999990479,-1,-1
91430,corner.diag,9144,9145,0,0,1,1
91440,corner.diag,9145,9146,9.999999999990479,9.999999999990479,-1,-1
91450,corner.diag,9146,9147,0,0,1,1
91460,corner.diag,9147,9148,9.999999999990479,9.999999999990479,-1,-1
91470,corner.diag,9148,9149,0,0,1,1
91480,corner.diag,9149,9150,9.999999999990479,9.999999999990479,-1,-1
91490,corner.diag,9150,9151,0,0,1,1
91500,corner.diag,9151,9152,9.999999999990479,9.999999999990479,-1,-1
91510,corner.diag,9152,9153,0,0,1,1
91520,corner.diag,9153,9154,9.999999999990479,9.999999999990479,-1,-1
91530,corner.diag,9154,9155,0,0,1,1
91540,corner.diag,9155,9156,9.999999999990479,9.999999999990479,-1,-1
91550,corner.diag,9156,9157,0,0,1,1
91560,corner.diag,9157,9158,9.999999999990479,9.999999999990479,-1,-1
91570,corner.diag,9158,9159,0,0,1,1
91580,corner.diag,9159,9160,9.999999999990479,9.999999999990479,-1,-1
91590,corner.diag,9160,9161,0,0,1,1
91600,corner.diag,9161,9162,9.999999999990479,9.999999999990479,-1,-1
91610,corner.diag,9162,9163,0,0,1,1
91620,corner.diag,9163,9164,9.999999999990479,9.999999999990479,-1,-1
91630,corner.diag,9164,9165,0,0,1,1
91640,corner.diag,9165,9166,9.999999999990479,9.999999999990479,-1,-1
91650,corner.diag,9166,9167,0,0,1,1
91660,corner.diag,9167,9168,9.999999999990479,9.999999999990479,-1,-1
91670,corner.diag,9168,9169,0,0,1,1
91680,corner.diag,9169,9170,9.999999999990479,9.999999999990479,-1,-1
91690,corner.diag,9170,9171,0,0,1,1
91700,corner.diag,9171,9172,9.999999999990479,9.999999999990479,-1,-1
91710,corner.diag,9172,9173,0,0,1,1
91720,corner.diag,9173,9174,9.999999999990479,9.999999999990479,-1,-1
91730,corner.diag,9174,9175,0,0,1,1
91740,corner.diag,9175,9176,9.999999999990479,9.999999999990479,-1,-1
91750,corner.diag,9176,9177,0,0,1,1
91760,corner.diag,9177,9178,9.999999999990479,9.999999999990479,-1,-1
91770,corner.diag,9178,9179,0,0,1,1
91780,corner.diag,9179,9180,9.999999999990479,9.999999999990479,-1,-1
91790,corner.diag,9180,9181,0,0,1,1
91800,corner.diag,9181,9182,9.999999999990479,9.999999999990479,-1,-1
91810,corner.diag,9182,9183,0,0,1,1
91820,corner.diag,9183,9184,9.999999999990479,9.999999999990479,-1,-1
91830,corner.diag,9184,9185,0,0,1,1
91840,corner.diag,9185,9186,9.999999999990479,9.999999999990479,-1,-1
91850,corner.diag,9186,9187,0,0,1,1
91860,corner.diag,9187,9188,9.999999999990479,9.999999999990479,-1,-1
91870,corner.diag,9188,9189,0,0,1,1
91880,corner.diag,9189,9190,9.999999999990479,9.999999999990479,-1,-1
91890,corner.diag,9190,9191,0,0,1,1
91900,corner.diag,9191,9192,9.999999999990479,9.999999999990479,-1,-1
91910,corner.diag,9192,9193,0,0,1,1
91920,corner.diag,9193,9194,9.999999999990479,9.999999999990479,-1,-1
91930,corner.diag,9194,9195,0,0,1,1
91940,corner.diag,9195,9196,9.999999999990479,9.999999999990479,-1,-1
91950,corner.diag,9196,9197,0,0,1,1
91960,corner.diag,9197,9198,9.999999999990479,9.999999999990479,-1,-1
91970,corner.diag,9198,9199,0,0,1,1
91980,corner.diag,9199,9200,9.999999999990479,9.999999999990479,-1,-1
91990,corner.diag,9200,9201,0,0,1,1
92000,corner.diag,9201,9202,9.999999999990479,9.999999999990479,-1,-1
92010,corner.diag,9202,9203,0,0,1,1
92020,corner.diag,9203,9204,9.999999999990479,9.999999999990479,-1,-1
92030,corner.diag,9204,9205,0,0,1,1
92040,corner.diag,9205,9206,9.999999999990479,9.999999999990479,-1,-1
92050,corner.diag,9206,9207,0,0,1,1
92060,corner.diag,9207,9208,9.999999999990479,9.999999999990479,-1,-1
92070,corner.diag,9208,9209,0,0,1,1
92080,corner.diag,9209,9210,9.999999999990479,9.999999999990479,-1,-1
92090,corner.diag,9210,9211,0,0,1,1
92100,corner.diag,9211,9212,9.999999999990479,9.999999999990479,-1,-1
92110,corner.diag,9212,9213,0,0,1,1
92120,corner.diag,9213,9214,9.999999999990479,9.999999999990479,-1,-1
92130,corner.diag,9214,9215,0,0,1,1
92140,corner.diag,9215,9216,9.999999999990479,9.999999999990479,-1,-1
92150,corner.diag,9216,9217,0,0,1,1
92160,corner.diag,9217,9218,9.999999999990479,9.999999999990479,-1,-1
92170,corner.diag,9218,9219,0,0,1,1
92180,corner.diag,9219,9220,9.999999999990479,9.999999999990479,-1,-1
92190,corner.diag,9220,9221,0,0,1,1
92200,corner.diag,9221,9222,9.999999999990479,9.999999999990479,-1,-1
92210,corner.diag,9222,9223,0,0,1,1
92220,corner.diag,9223,9224,9.999999999990479,9.999999999990479,-1,-1
92230,corner.diag,9224,9225,0,0,1,1
92240,corner.diag,9225,9226,9.999999999990479,9.999999999990479,-1,-1
92250,corner.diag,9226,9227,0,0,1,1
92260,corner.diag,9227,9228,9.999999999990479,9.999999999990479,-1,-1
92270,corner.diag,9228,9229,0,0,1,1
92280,corner.diag,9229,9230,9.999999999990479,9.999999999990479,-1,-1
92290,corner.diag,9230,9231,0,0,1,1
92300,corner.diag,9231,9232,9.999999999990479,9.999999999990479,-1,-1
92310,corner.diag,9232,9233,0,0,1,1
92320,corner.diag,9233,9234,9.999999999990479,9.999999999990479,-1,-1
92330,corner.diag,9234,9235,0,0,1,1
92340,corner.diag,9235,9236,9.999999999990479,9.999999999990479,-1,-1
92350,corner.diag,9236,9237,0,0,1,1
92360,corner.diag,9237,9238,9.999999999990479,9.999999999990479,-1,-1
92370,corner.diag,9238,9239,0,0,1,1
92380,corner.diag,9239,9240,9.999999999990479,9.999999999990479,-1,-1
92390,corner.diag,9240,9241,0,0,1,1
92400,corner.diag,9241,9242,9.999999999990479,9.999999999990479,-1,-1
92410,corner.diag,9242,9243,0,0,1,1
92420,corner.diag,9243,9244,9.999999999990479,9.999999999990479,-1,-1
92430,corner.diag,9244,9245,0,0,1,1
92440,corner.diag,9245,9246,9.999999999990479,9.999999999990479,-1,-1
92450,corner.diag,9246,9247,0,0,1,1
92460,corner.diag,9247,9248,9.999999999990479,9.999999999990479,-1,-1
92470,corner.diag,9248,9249,0,0,1,1
92480,corner.diag,9249,9250,9.999999999990479,9.999999999990479,-1,-1
92490,corner.diag,9250,9251,0,0,1,1
92500,corner.diag,9251,9252,9.999999999990479,9.999999999990479,-1,-1
92510,corner.diag,9252,9253,0,0,1,1
92520,corner.diag,9253,9254,9.999999999990479,9.999999999990479,-1,-1
92530,corner.diag,9254,9255,0,0,1,1
92540,corner.diag,9255,9256,9.999999999990479,9.999999999990479,-1,-1
92550,corner.diag,9256,9257,0,0,1,1
92560,corner.diag,9257,9258,9.999999999990479,9.999999999990479,-1,-1
92570,corner.diag,9258,9259,0,0,1,1
92580,corner.diag,9259,9260,9.999999999990479,9.999999999990479,-1,-1
92590,corner.diag,9260,9261,0,0,1,1
92600,corner.diag,9261,9262,9.999999999990479,9.999999999990479,-1,-1
92610,corner.diag,9262,9263,0,0,1,1
92620,corner.diag,9263,9264,9.999999999990479,9.999999999990479,-1,-1
92630,corner.diag,9264,9265,0,0,1,1
92640,corner.diag,9265,9266,9.999999999990479,9.999999999990479,-1,-1
92650,corner.diag,9266,9267,0,0,1,1
92660,corner.diag,9267,9268,9.999999999990479,9.999999999990479,-1,-1
92670,corner.diag,9268,9269,0,0,1,1
92680,corner.diag,9269,9270,9.999999999990479,9.999999999990479,-1,-1
92690,corner.diag,9270,9271,0,0,1,1
92700,corner.diag,9271,9272,9.999999999990479,9.999999999990479,-1,-1
92710,corner.diag,9272,9273,0,0,1,1
92720,corner.diag,9273,9274,9.999999999990479,9.999999999990479,-1,-1
92730,corner.diag,9274,9275,0,0,1,1
92740,corner.diag,9275,9276,9.999999999990479,9.999999999990479,-1,-1
92750,corner.diag,9276,9277,0,0,1,1
92760,corner.diag,9277,9278,9.999999999990479,9.999999999990479,-1,-1
92770,corner.diag,9278,9279,0,0,1,1
92780,corner.diag,9279,9280,9.999999999990479,9.999999999990479,-1,-1
92790,corner.diag,9280,9281,0,0,1,1
92800,corner.diag,9281,9282,9.999999999990479,9.999999999990479,-1,-1
92810,corner.diag,9282,9283,0,0,1,1
92820,corner.diag,9283,9284,9.999999999990479,9.999999999990479,-1,-1
92830,corner.diag,9284,9285,0,0,1,1
92840,corner.diag,9285,9286,9.999999999990479,9.999999999990479,-1,-1
92850,corner.diag,9286,9287,0,0,1,1
92860,corner.diag,9287,9288,9.999999999990479,9.999999999990479,-1,-1
92870,corner.diag,9288,9289,0,0,1,1
92880,corner.diag,9289,9290,9.999999999990479,9.999999999990479,-1,-1
92890,corner.diag,9290,9291,0,0,1,1
92900,corner.diag,9291,9292,9.999999999990479,9.999999999990479,-1,-1
92910,corner.diag,9292,9293,0,0,1,1
92920,corner.diag,9293,9294,9.999999999990479,9.999999999990479,-1,-1
92930,corner.diag,9294,9295,0,0,1,1
92940,corner.diag,9295,9296,9.999999999990479,9.999999999990479,-1,-1
92950,corner.diag,9296,9297,0,0,1,1
92960,corner.diag,9297,9298,9.999999999990479,9.999999999990479,-1,-1
92970,corner.diag,9298,9299,0,0,1,1
92980,corner.diag,9299,9300,9.999999999990479,9.999999999990479,-1,-1
92990,corner.diag,9300,9301,0,0,1,1
93000,corner.diag,9301,9302,9.999999999990479,9.999999999990479,-1,-1
93010,corner.diag,9302,9303,0,0,1,1
93020,corner.diag,9303,9304,9.999999999990479,9.999999999990479,-1,-1
93030,corner.diag,9304,9305,0,0,1,1
93040,corner.diag,9305,9306,9.999999999990479,9.999999999990479,-1,-1
93050,corner.diag,9306,9307,0,0,1,1
93060,corner.diag,9307,9308,9.999999999990479,9.999999999990479,-1,-1
93070,corner.diag,9308,9309,0,0,1,1
93080,corner.diag,9309,9310,9.999999999990479,9.999999999990479,-1,-1
93090,corner.diag,9310,9311,0,0,1,1
93100,corner.diag,9311,9312,9.999999999990479,9.999999999990479,-1,-1
93110,corner.diag,9312,9313,0,0,1,1
93120,corner.diag,9313,9314,9.999999999990479,9.999999999990479,-1,-1
93130,corner.diag,9314,9315,0,0,1,1
93140,corner.diag,9315,9316,9.999999999990479,9.999999999990479,-1,-1
93150,corner.diag,9316,9317,0,0,1,1
93160,corner.diag,9317,9318,9.999999999990479,9.999999999990479,-1,-1
93170,corner.diag,9318,9319,0,0,1,1
93180,corner.diag,9319,9320,9.999999999990479,9.999999999990479,-1,-1
93190,corner.diag,9320,9321,0,0,1,1
93200,corner.diag,9321,9322,9.999999999990479,9.999999999990479,-1,-1
93210,corner.diag,9322,9323,0,0,1,1
93220,corner.diag,9323,9324,9.999999999990479,9.999999999990479,-1,-1
93230,corner.diag,9324,9325,0,0,1,1
93240,corner.diag,9325,9326,9.999999999990479,9.999999999990479,-1,-1
93250,corner.diag,9326,9327,0,0,1,1
93260,corner.diag,9327,9328,9.999999999990479,9.999999999990479,-1,-1
93270,corner.diag,9328,9329,0,0,1,1
93280,corner.diag,9329,9330,9.999999999990479,9.999999999990479,-1,-1
93290,corner.diag,9330,9331,0,0,1,1
93300,corner.diag,9331,9332,9.999999999990479,9.999999999990479,-1,-1
93310,corner.diag,9332,9333,0,0,1,1
93320,corner.diag,9333,9334,9.999999999990479,9.999999999990479,-1,-1
93330,corner.diag,9334,9335,0,0,1,1
93340,corner.diag,9335,9336,9.999999999990479,9.999999999990479,-1,-1
93350,corner.diag,9336,9337,0,0,1,1
93360,corner.diag,9337,9338,9.999999999990479,9.999999999990479,-1,-1
93370,corner.diag,9338,9339,0,0,1,1
93380,corner.diag,9339,9340,9.999999999990479,9.999999999990479,-1,-1
93390,corner.diag,9340,9341,0,0,1,1
93400,corner.diag,9341,9342,9.999999999990479,9.999999999990479,-1,-1
93410,corner.diag,9342,9343,0,0,1,1
93420,corner.diag,9343,9344,9.999999999990479,9.999999999990479,-1,-1
93430,corner.diag,9344,9345,0,0,1,1
93440,corner.diag,9345,9346,9.999999999990479,9.999999999990479,-1,-1
93450,corner.diag,9346,9347,0,0,1,1
93460,corner.diag,9347,9348,9.999999999990479,9.999999999990479,-1,-1
93470,corner.diag,9348,9349,0,0,1,1
93480,corner.diag,9349,9350,9.999999999990479,9.999999999990479,-1,-1
93490,corner.diag,9350,9351,0,0,1,1
93500,corner.diag,9351,9352,9.999999999990479,9.999999999990479,-1,-1
93510,corner.diag,9352,9353,0,0,1,1
93520,corner.diag,9353,9354,9.999999999990479,9.999999999990479,-1,-1
93530,corner.diag,9354,9355,0,0,1,1
93540,corner.diag,9355,9356,9.999999999990479,9.999999999990479,-1,-1
93550,corner.diag,9356,9357,0,0,1,1
93560,corner.diag,9357,9358,9.999999999990479,9.999999999990479,-1,-1
93570,corner.diag,9358,9359,0,0,1,1
93580,corner.diag,9359,9360,9.999999999990479,9.999999999990479,-1,-1
93590,corner.diag,9360,9361,0,0,1,1
93600,corner.diag,9361,9362,9.999999999990479,9.999999999990479,-1,-1
93610,corner.diag,9362,9363,0,0,1,1
93620,corner.diag,9363,9364,9.999999999990479,9.999999999990479,-1,-1
93630,corner.diag,9364,9365,0,0,1,1
93640,corner.diag,9365,9366,9.999999999990479,9.999999999990479,-1,-1
93650,corner.diag,9366,9367,0,0,1,1
93660,corner.diag,9367,9368,9.999999999990479,9.999999999990479,-1,-1
93670,corner.diag,9368,9369,0,0,1,1
93680,corner.diag,9369,9370,9.999999999990479,9.999999999990479,-1,-1
93690,corner.diag,9370,9371,0,0,1,1
93700,corner.diag,9371,9372,9.999999999990479,9.999999999990479,-1,-1
93710,corner.diag,9372,9373,0,0,1,1
93720,corner.diag,9373,9374,9.999999999990479,9.999999999990479,-1,-1
93730,corner.diag,9374,9375,0,0,1,1
93740,corner.diag,9375,9376,9.999999999990479,9.999999999990479,-1,-1
93750,corner.diag,9376,9377,0,0,1,1
93760,corner.diag,9377,9378,9.999999999990479,9.999999999990479,-1,-1
93770,corner.diag,9378,9379,0,0,1,1
93780,corner.diag,9379,9380,9.999999999990479,9.999999999990479,-1,-1
93790,corner.diag,9380,9381,0,0,1,1
93800,corner.diag,9381,9382,9.999999999990479,9.999999999990479,-1,-1
93810,corner.diag,9382,9383,0,0,1,1
93820,corner.diag,9383,9384,9.999999999990479,9.999999999990479,-1,-1
93830,corner.diag,9384,9385,0,0,1,1
93840,corner.diag,9385,9386,9.999999999990479,9.999999999990479,-1,-1
93850,corner.diag,9386,9387,0,0,1,1
93860,corner.diag,9387,9388,9.999999999990479,9.999999999990479,-1,-1
93870,corner.diag,9388,9389,0,0,1,1
93880,corner.diag,9389,9390,9.999999999990479,9.999999999990479,-1,-1
93890,corner.diag,9390,9391,0,0,1,1
93900,corner.diag,9391,9392,9.999999999990479,9.999999999990479,-1,-1
93910,corner.diag,9392,9393,0,0,1,1
93920,corner.diag,9393,9394,9.999999999990479,9.999999999990479,-1,-1
93930,corner.diag,9394,9395,0,0,1,1
93940,corner.diag,9395,9396,9.999999999990479,9.999999999990479,-1,-1
93950,corner.diag,9396,9397,0,0,1,1
93960,corner.diag,9397,9398,9.999999999990479,9.999999999990479,-1,-1
93970,corner.diag,9398,9399,0,0,1,1
93980,corner.diag,9399,9400,9.999999999990479,9.999999999990479,-1,-1
93990,corner.diag,9400,9401,0,0,1,1
94000,corner.diag,9401,9402,9.999999999990479,9.999999999990479,-1,-1
94010,corner.diag,9402,9403,0,0,1,1
94020,corner.diag,9403,9404,9.999999999990479,9.999999999990479,-1,-1
94030,corner.diag,9404,9405,0,0,1,1
94040,corner.diag,9405,9406,9.999999999990479,9.999999999990479,-1,-1
94050,corner.diag,9406,9407,0,0,1,1
94060,corner.diag,9407,9408,9.999999999990479,9.999999999990479,-1,-1
94070,corner.diag,9408,9409,0,0,1,1
94080,corner.diag,9409,9410,9.999999999990479,9.999999999990479,-1,-1
94090,corner.diag,9410,9411,0,0,1,1
94100,corner.diag,9411,9412,9.999999999990479,9.999999999990479,-1,-1
94110,corner.diag,9412,9413,0,0,1,1
94120,corner.diag,9413,9414,9.999999999990479,9.999999999990479,-1,-1
94130,corner.diag,9414,9415,0,0,1,1
94140,corner.diag,9415,9416,9.999999999990479,9.999999999990479,-1,-1
94150,corner.diag,9416,9417,0,0,1,1
94160,corner.diag,9417,9418,9.999999999990479,9.999999999990479,-1,-1
94170,corner.diag,9418,9419,0,0,1,1
94180,corner.diag,9419,9420,9.999999999990479,9.999999999990479,-1,-1
94190,corner.diag,9420,9421,0,0,1,1
94200,corner.diag,9421,9422,9.999999999990479,9.999999999990479,-1,-1
94210,corner.diag,9422,9423,0,0,1,1
94220,corner.diag,9423,9424,9.999999999990479,9.999999999990479,-1,-1
94230,corner.diag,9424,9425,0,0,1,1
94240,corner.diag,9425,9426,9.999999999990479,9.999999999990479,-1,-1
94250,corner.diag,9426,9427,0,0,1,1
94260,corner.diag,9427,9428,9.999999999990479,9.999999999990479,-1,-1
94270,corner.diag,9428,9429,0,0,1,1
94280,corner.diag,9429,9430,9.999999999990479,9.999999999990479,-1,-1
94290,corner.diag,9430,9431,0,0,1,1
94300,corner.diag,9431,9432,9.999999999990479,9.999999999990479,-1,-1
94310,corner.diag,9432,9433,0,0,1,1
94320,corner.diag,9433,9434,9.999999999990479,9.999999999990479,-1,-1
94330,corner.diag,9434,9435,0,0,1,1
94340,corner.diag,9435,9436,9.999999999990479,9.999999999990479,-1,-1
94350,corner.diag,9436,9437,0,0,1,1
94360,corner.diag,9437,9438,9.999999999990479,9.999999999990479,-1,-1
94370,corner.diag,9438,9439,0,0,1,1
94380,corner.diag,9439,9440,9.999999999990479,9.999999999990479,-1,-1
94390,corner.diag,9440,9441,0,0,1,1
94400,corner.diag,9441,9442,9.999999999990479,9.999999999990479,-1,-1
94410,corner.diag,9442,9443,0,0,1,1
94420,corner.diag,9443,9444,9.999999999990479,9.999999999990479,-1,-1
94430,corner.diag,9444,9445,0,0,1,1
94440,corner.diag,9445,9446,9.999999999990479,9.999999999990479,-1,-1
94450,corner.diag,9446,9447,0,0,1,1
94460,corner.diag,9447,9448,9.999999999990479,9.999999999990479,-1,-1
94470,corner.diag,9448,9449,0,0,1,1
94480,corner.diag,9449,9450,9.999999999990479,9.999999999990479,-1,-1
94490,corner.diag,9450,9451,0,0,1,1
94500,corner.diag,9451,9452,9.999999999990479,9.999999999990479,-1,-1
94510,corner.diag,9452,9453,0,0,1,1
94520,corner.diag,9453,9454,9.999999999990479,9.999999999990479,-1,-1
94530,corner.diag,9454,9455,0,0,1,1
94540,corner.diag,9455,9456,9.999999999990479,9.999999999990479,-1,-1
94550,corner.diag,9456,9457,0,0,1,1
94560,corner.diag,9457,9458,9.999999999990479,9.999999999990479,-1,-1
94570,corner.diag,9458,9459,0,0,1,1
94580,corner.diag,9459,9460,9.999999999990479,9.999999999990479,-1,-1
94590,corner.diag,9460,9461,0,0,1,1
94600,corner.diag,9461,9462,9.999999999990479,9.999999999990479,-1,-1
94610,corner.diag,9462,9463,0,0,1,1
94620,corner.diag,9463,9464,9.999999999990479,9.999999999990479,-1,-1
94630,corner.diag,9464,9465,0,0,1,1
94640,corner.diag,9465,9466,9.999999999990479,9.999999999990479,-1,-1
94650,corner.diag,9466,9467,0,0,1,1
94660,corner.diag,9467,9468,9.999999999990479,9.999999999990479,-1,-1
94670,corner.diag,9468,9469,0,0,1,1
94680,corner.diag,9469,9470,9.999999999990479,9.999999999990479,-1,-1
94690,corner.diag,9470,9471,0,0,1,1
94700,corner.diag,9471,9472,9.999999999990479,9.999999999990479,-1,-1
94710,corner.diag,9472,9473,0,0,1,1
94720,corner.diag,9473,9474,9.999999999990479,9.999999999990479,-1,-1
94730,corner.diag,9474,9475,0,0,1,1
94740,corner.diag,9475,9476,9.999999999990479,9.999999999990479,-1,-1
94750,corner.diag,9476,9477,0,0,1,1
94760,corner.diag,9477,9478,9.999999999990479,9.999999999990479,-1,-1
94770,corner.diag,9478,9479,0,0,1,1
94780,corner.diag,9479,9480,9.999999999990479,9.999999999990479,-1,-1
94790,corner.diag,9480,9481,0,0,1,1
94800,corner.diag,9481,9482,9.999999999990479,9.999999999990479,-1,-1
94810,corner.diag,9482,9483,0,0,1,1
94820,corner.diag,9483,9484,9.999999999990479,9.999999999990479,-1,-1
94830,corner.diag,9484,9485,0,0,1,1
94840,corner.diag,9485,9486,9.999999999990479,9.999999999990479,-1,-1
94850,corner.diag,9486,9487,0,0,1,1
94860,corner.diag,9487,9488,9.999999999990479,9.999999999990479,-1,-1
94870,corner.diag,9488,9489,0,0,1,1
94880,corner.diag,9489,9490,9.999999999990479,9.999999999990479,-1,-1
94890,corner.diag,9490,9491,0,0,1,1
94900,corner.diag,9491,9492,9.999999999990479,9.999999999990479,-1,-1
94910,corner.diag,9492,9493,0,0,1,1
94920,corner.diag,9493,9494,9.999999999990479,9.999999999990479,-1,-1
94930,corner.diag,9494,9495,0,0,1,1
94940,corner.diag,9495,9496,9.999999999990479,9.999999999990479,-1,-1
94950,corner.diag,9496,9497,0,0,1,1
94960,corner.diag,9497,9498,9.999999999990479,9.999999999990479,-1,-1
94970,corner.diag,9498,9499,0,0,1,1
94980,corner.diag,9499,9500,9.999999999990479,9.999999999990479,-1,-1
94990,corner.diag,9500,9501,0,0,1,1
95000,corner.diag,9501,9502,9.999999999990479,9.999999999990479,-1,-1
95010,corner.diag,9502,9503,0,0,1,1
95020,corner.diag,9503,9504,9.999999999990479,9.999999999990479,-1,-1
95030,corner.diag,9504,9505,0,0,1,1
95040,corner.diag,9505,9506,9.999999999990479,9.999999999990479,-1,-1
95050,corner.diag,9506,9507,0,0,1,1
95060,corner.diag,9507,9508,9.999999999990479,9.999999999990479,-1,-1
95070,corner.diag,9508,9509,0,0,1,1
95080,corner.diag,9509,9510,9.999999999990479,9.999999999990479,-1,-1
95090,corner.diag,9510,9511,0,0,1,1
95100,corner.diag,9511,9512,9.999999999990479,9.999999999990479,-1,-1
95110,corner.diag,9512,9513,0,0,1,1
95120,corner.diag,9513,9514,9.999999999990479,9.999999999990479,-1,-1
95130,corner.diag,9514,9515,0,0,1,1
95140,corner.diag,9515,9516,9.999999999990479,9.999999999990479,-1,-1
95150,corner.diag,9516,9517,0,0,1,1
95160,corner.diag,9517,9518,9.999999999990479,9.999999999990479,-1,-1
95170,corner.diag,9518,9519,0,0,1,1
95180,corner.diag,9519,9520,9.999999999990479,9.999999999990479,-1,-1
95190,corner.diag,9520,9521,0,0,1,1
95200,corner.diag,9521,9522,9.999999999990479,9.999999999990479,-1,-1
95210,corner.diag,9522,9523,0,0,1,1
95220,corner.diag,9523,9524,9.999999999990479,9.999999999990479,-1,-1
95230,corner.diag,9524,9525,0,0,1,1
95240,corner.diag,9525,9526,9.999999999990479,9.999999999990479,-1,-1
95250,corner.diag,9526,9527,0,0,1,1
95260,corner.diag,9527,9528,9.999999999990479,9.999999999990479,-1,-1
95270,corner.diag,9528,9529,0,0,1,1
95280,corner.diag,9529,9530,9.999999999990479,9.999999999990479,-1,-1
95290,corner.diag,9530,9531,0,0,1,1
95300,corner.diag,9531,9532,9.999999999990479,9.999999999990479,-1,-1
95310,corner.diag,9532,9533,0,0,1,1
95320,corner.diag,9533,9534,9.999999999990479,9.999999999990479,-1,-1
95330,corner.diag,9534,9535,0,0,1,1
95340,corner.diag,9535,9536,9.999999999990479,9.999999999990479,-1,-1
95350,corner.diag,9536,9537,0,0,1,1
95360,corner.diag,9537,9538,9.999999999990479,9.999999999990479,-1,-1
95370,corner.diag,9538,9539,0,0,1,1
95380,corner.diag,9539,9540,9.999999999990479,9.999999999990479,-1,-1
95390,corner.diag,9540,9541,0,0,1,1
95400,corner.diag,9541,9542,9.999999999990479,9.999999999990479,-1,-1
95410,corner.diag,9542,9543,0,0,1,1
95420,corner.diag,9543,9544,9.999999999990479,9.999999999990479,-1,-1
95430,corner.diag,9544,9545,0,0,1,1
95440,corner.diag,9545,9546,9.999999999990479,9.999999999990479,-1,-1
95450,corner.diag,9546,9547,0,0,1,1
95460,corner.diag,9547,9548,9.999999999990479,9.999999999990479,-1,-1
95470,corner.diag,9548,9549,0,0,1,1
95480,corner.diag,9549,9550,9.999999999990479,9.999999999990479,-1,-1
95490,corner.diag,9550,9551,0,0,1,1
95500,corner.diag,9551,9552,9.999999999990479,9.999999999990479,-1,-1
95510,corner.diag,9552,9553,0,0,1,1
95520,corner.diag,9553,9554,9.999999999990479,9.999999999990479,-1,-1
95530,corner.diag,9554,9555,0,0,1,1
95540,corner.diag,9555,9556,9.999999999990479,9.999999999990479,-1,-1
95550,corner.diag,9556,9557,0,0,1,1
95560,corner.diag,9557,9558,9.999999999990479,9.999999999990479,-1,-1
95570,corner.diag,9558,9559,0,0,1,1
95580,corner.diag,9559,9560,9.999999999990479,9.999999999990479,-1,-1
95590,corner.diag,9560,9561,0,0,1,1
95600,corner.diag,9561,9562,9.999999999990479,9.999999999990479,-1,-1
95610,corner.diag,9562,9563,0,0,1,1
95620,corner.diag,9563,9564,9.999999999990479,9.999999999990479,-1,-1
95630,corner.diag,9564,9565,0,0,1,1
95640,corner.diag,9565,9566,9.999999999990479,9.999999999990479,-1,-1
95650,corner.diag,9566,9567,0,0,1,1
95660,corner.diag,9567,9568,9.999999999990479,9.999999999990479,-1,-1
95670,corner.diag,9568,9569,0,0,1,1
95680,corner.diag,9569,9570,9.999999999990479,9.999999999990479,-1,-1
95690,corner.diag,9570,9571,0,0,1,1
95700,corner.diag,9571,9572,9.999999999990479,9.999999999990479,-1,-1
95710,corner.diag,9572,9573,0,0,1,1
95720,corner.diag,9573,9574,9.999999999990479,9.999999999990479,-1,-1
95730,corner.diag,9574,9575,0,0,1,1
95740,corner.diag,9575,9576,9.999999999990479,9.999999999990479,-1,-1
95750,corner.diag,9576,9577,0,0,1,1
95760,corner.diag,9577,9578,9.999999999990479,9.999999999990479,-1,-1
95770,corner.diag,9578,9579,0,0,1,1
95780,corner.diag,9579,9580,9.999999999990479,9.999999999990479,-1,-1
95790,corner.diag,9580,9581,0,0,1,1
95800,corner.diag,9581,9582,9.999999999990479,9.999999999990479,-1,-1
95810,corner.diag,9582,9583,0,0,1,1
95820,corner.diag,9583,9584,9.999999999990479,9.999999999990479,-1,-1
95830,corner.diag,9584,9585,0,0,1,1
95840,corner.diag,9585,9586,9.999999999990479,9.999999999990479,-1,-1
95850,corner.diag,9586,9587,0,0,1,1
95860,corner.diag,9587,9588,9.999999999990479,9.999999999990479,-1,-1
95870,corner.diag,9588,9589,0,0,1,1
95880,corner.diag,9589,9590,9.999999999990479,9.999999999990479,-1,-1
95890,corner.diag,9590,9591,0,0,1,1
95900,corner.diag,9591,9592,9.999999999990479,9.999999999990479,-1,-1
95910,corner.diag,9592,9593,0,0,1,1
95920,corner.diag,9593,9594,9.999999999990479,9.999999999990479,-1,-1
95930,corner.diag,9594,9595,0,0,1,1
95940,corner.diag,9595,9596,9.999999999990479,9.999999999990479,-1,-1
95950,corner.diag,9596,9597,0,0,1,1
95960,corner.diag,9597,9598,9.999999999990479,9.999999999990479,-1,-1
95970,corner.diag,9598,9599,0,0,1,1
95980,corner.diag,9599,9600,9.999999999990479,9.999999999990479,-1,-1
95990,corner.diag,9600,9601,0,0,1,1
96000,corner.diag,9601,9602,9.999999999990479,9.999999999990479,-1,-1
96010,corner.diag,9602,9603,0,0,1,1
96020,corner.diag,9603,9604,9.999999999990479,9.999999999990479,-1,-1
96030,corner.diag,9604,9605,0,0,1,1
96040,corner.diag,9605,9606,9.999999999990479,9.999999999990479,-1,-1
96050,corner.diag,9606,9607,0,0,1,1
96060,corner.diag,9607,9608,9.999999999990479,9.999999999990479,-1,-1
96070,corner.diag,9608,9609,0,0,1,1
96080,corner.diag,9609,9610,9.999999999990479,9.999999999990479,-1,-1
96090,corner.diag,9610,9611,0,0,1,1
96100,corner.diag,9611,9612,9.999999999990479,9.999999999990479,-1,-1
96110,corner.diag,9612,9613,0,0,1,1
96120,corner.diag,9613,9614,9.999999999990479,9.999999999990479,-1,-1
96130,corner.diag,9614,9615,0,0,1,1
96140,corner.diag,9615,9616,9.999999999990479,9.999999999990479,-1,-1
96150,corner.diag,9616,9617,0,0,1,1
96160,corner.diag,9617,9618,9.999999999990479,9.999999999990479,-1,-1
96170,corner.diag,9618,9619,0,0,1,1
96180,corner.diag,9619,9620,9.999999999990479,9.999999999990479,-1,-1
96190,corner.diag,9620,9621,0,0,1,1
96200,corner.diag,9621,9622,9.999999999990479,9.999999999990479,-1,-1
96210,corner.diag,9622,9623,0,0,1,1
96220,corner.diag,9623,9624,9.999999999990479,9.999999999990479,-1,-1
96230,corner.diag,9624,9625,0,0,1,1
96240,corner.diag,9625,9626,9.999999999990479,9.999999999990479,-1,-1
96250,corner.diag,9626,9627,0,0,1,1
96260,corner.diag,9627,9628,9.999999999990479,9.999999999990479,-1,-1
96270,corner.diag,9628,9629,0,0,1,1
96280,corner.diag,9629,9630,9.999999999990479,9.999999999990479,-1,-1
96290,corner.diag,9630,9631,0,0,1,1
96300,corner.diag,9631,9632,9.999999999990479,9.999999999990479,-1,-1
96310,corner.diag,9632,9633,0,0,1,1
96320,corner.diag,9633,9634,9.999999999990479,9.999999999990479,-1,-1
96330,corner.diag,9634,9635,0,0,1,1
96340,corner.diag,9635,9636,9.999999999990479,9.999999999990479,-1,-1
96350,corner.diag,9636,9637,0,0,1,1
96360,corner.diag,9637,9638,9.999999999990479,9.999999999990479,-1,-1
96370,corner.diag,9638,9639,0,0,1,1
96380,corner.diag,9639,9640,9.999999999990479,9.999999999990479,-1,-1
96390,corner.diag,9640,9641,0,0,1,1
96400,corner.diag,9641,9642,9.999999999990479,9.999999999990479,-1,-1
96410,corner.diag,9642,9643,0,0,1,1
96420,corner.diag,9643,9644,9.999999999990479,9.999999999990479,-1,-1
96430,corner.diag,9644,9645,0,0,1,1
96440,corner.diag,9645,9646,9.999999999990479,9.999999999990479,-1,-1
96450,corner.diag,9646,9647,0,0,1,1
96460,corner.diag,9647,9648,9.999999999990479,9.999999999990479,-1,-1
96470,corner.diag,9648,9649,0,0,1,1
96480,corner.diag,9649,9650,9.999999999990479,9.999999999990479,-1,-1
96490,corner.diag,9650,9651,0,0,1,1
96500,corner.diag,9651,9652,9.999999999990479,9.999999999990479,-1,-1
96510,corner.diag,9652,9653,0,0,1,1
96520,corner.diag,9653,9654,9.999999999990479,9.999999999990479,-1,-1
96530,corner.diag,9654,9655,0,0,1,1
96540,corner.diag,9655,9656,9.999999999990479,9.999999999990479,-1,-1
96550,corner.diag,9656,9657,0,0,1,1
96560,corner.diag,9657,9658,9.999999999990479,9.999999999990479,-1,-1
96570,corner.diag,9658,9659,0,0,1,1
96580,corner.diag,9659,9660,9.999999999990479,9.999999999990479,-1,-1
96590,corner.diag,9660,9661,0,0,1,1
96600,corner.diag,9661,9662,9.999999999990479,9.999999999990479,-1,-1
96610,corner.diag,9662,9663,0,0,1,1
96620,corner.diag,9663,9664,9.999999999990479,9.999999999990479,-1,-1
96630,corner.diag,9664,9665,0,0,1,1
96640,corner.diag,9665,9666,9.999999999990479,9.999999999990479,-1,-1
96650,corner.diag,9666,9667,0,0,1,1
96660,corner.diag,9667,9668,9.999999999990479,9.999999999990479,-1,-1
96670,corner.diag,9668,9669,0,0,1,1
96680,corner.diag,9669,9670,9.999999999990479,9.999999999990479,-1,-1
96690,corner.diag,9670,9671,0,0,1,1
96700,corner.diag,9671,9672,9.999999999990479,9.999999999990479,-1,-1
96710,corner.diag,9672,9673,0,0,1,1
96720,corner.diag,9673,9674,9.999999999990479,9.999999999990479,-1,-1
96730,corner.diag,9674,9675,0,0,1,1
96740,corner.diag,9675,9676,9.999999999990479,9.999999999990479,-1,-1
96750,corner.diag,9676,9677,0,0,1,1
96760,corner.diag,9677,9678,9.999999999990479,9.999999999990479,-1,-1
96770,corner.diag,9678,9679,0,0,1,1
96780,corner.diag,9679,9680,9.999999999990479,9.999999999990479,-1,-1
96790,corner.diag,9680,9681,0,0,1,1
96800,corner.diag,9681,9682,9.999999999990479,9.999999999990479,-1,-1
96810,corner.diag,9682,9683,0,0,1,1
96820,corner.diag,9683,9684,9.999999999990479,9.999999999990479,-1,-1
96830,corner.diag,9684,9685,0,0,1,1
96840,corner.diag,9685,9686,9.999999999990479,9.999999999990479,-1,-1
96850,corner.diag,9686,9687,0,0,1,1
96860,corner.diag,9687,9688,9.999999999990479,9.999999999990479,-1,-1
96870,corner.diag,9688,9689,0,0,1,1
96880,corner.diag,9689,9690,9.999999999990479,9.999999999990479,-1,-1
96890,corner.diag,9690,9691,0,0,1,1
96900,corner.diag,9691,9692,9.999999999990479,9.999999999990479,-1,-1
96910,corner.diag,9692,9693,0,0,1,1
96920,corner.diag,9693,9694,9.999999999990479,9.999999999990479,-1,-1
96930,corner.diag,9694,9695,0,0,1,1
96940,corner.diag,9695,9696,9.999999999990479,9.999999999990479,-1,-1
96950,corner.diag,9696,9697,0,0,1,1
96960,corner.diag,9697,9698,9.999999999990479,9.999999999990479,-1,-1
96970,corner.diag,9698,9699,0,0,1,1
96980,corner.diag,9699,9700,9.999999999990479,9.999999999990479,-1,-1
96990,corner.diag,9700,9701,0,0,1,1
97000,corner.diag,9701,9702,9.999999999990479,9.999999999990479,-1,-1
97010,corner.diag,9702,9703,0,0,1,1
97020,corner.diag,9703,9704,9.999999999990479,9.999999999990479,-1,-1
97030,corner.diag,9704,9705,0,0,1,1
97040,corner.diag,9705,9706,9.999999999990479,9.999999999990479,-1,-1
97050,corner.diag,9706,9707,0,0,1,1
97060,corner.diag,9707,9708,9.999999999990479,9.999999999990479,-1,-1
97070,corner.diag,9708,9709,0,0,1,1
97080,corner.diag,9709,9710,9.999999999990479,9.999999999990479,-1,-1
97090,corner.diag,9710,9711,0,0,1,1
97100,corner.diag,9711,9712,9.999999999990479,9.999999999990479,-1,-1
97110,corner.diag,9712,9713,0,0,1,1
97120,corner.diag,9713,9714,9.999999999990479,9.999999999990479,-1,-1
97130,corner.diag,9714,9715,0,0,1,1
97140,corner.diag,9715,9716,9.999999999990479,9.999999999990479,-1,-1
97150,corner.diag,9716,9717,0,0,1,1
97160,corner.diag,9717,9718,9.999999999990479,9.999999999990479,-1,-1
97170,corner.diag,9718,9719,0,0,1,1
97180,corner.diag,9719,9720,9.999999999990479,9.999999999990479,-1,-1
97190,corner.diag,9720,9721,0,0,1,1
97200,corner.diag,9721,9722,9.999999999990479,9.999999999990479,-1,-1
97210,corner.diag,9722,9723,0,0,1,1
97220,corner.diag,9723,9724,9.999999999990479,9.999999999990479,-1,-1
97230,corner.diag,9724,9725,0,0,1,1
97240,corner.diag,9725,9726,9.999999999990479,9.999999999990479,-1,-1
97250,corner.diag,9726,9727,0,0,1,1
97260,corner.diag,9727,9728,9.999999999990479,9.999999999990479,-1,-1
97270,corner.diag,9728,9729,0,0,1,1
97280,corner.diag,9729,9730,9.999999999990479,9.999999999990479,-1,-1
97290,corner.diag,9730,9731,0,0,1,1
97300,corner.diag,9731,9732,9.999999999990479,9.999999999990479,-1,-1
97310,corner.diag,9732,9733,0,0,1,1
97320,corner.diag,9733,9734,9.999999999990479,9.999999999990479,-1,-1
97330,corner.diag,9734,9735,0,0,1,1
97340,corner.diag,9735,9736,9.999999999990479,9.999999999990479,-1,-1
97350,corner.diag,9736,9737,0,0,1,1
97360,corner.diag,9737,9738,9.999999999990479,9.999999999990479,-1,-1
97370,corner.diag,9738,9739,0,0,1,1
97380,corner.diag,9739,9740,9.999999999990479,9.999999999990479,-1,-1
97390,corner.diag,9740,9741,0,0,1,1
97400,corner.diag,9741,9742,9.999999999990479,9.999999999990479,-1,-1
97410,corner.diag,9742,9743,0,0,1,1
97420,corner.diag,9743,9744,9.999999999990479,9.999999999990479,-1,-1
97430,corner.diag,9744,9745,0,0,1,1
97440,corner.diag,9745,9746,9.999999999990479,9.999999999990479,-1,-1
97450,corner.diag,9746,9747,0,0,1,1
97460,corner.diag,9747,9748,9.999999999990479,9.999999999990479,-1,-1
97470,corner.diag,9748,9749,0,0,1,1
97480,corner.diag,9749,9750,9.999999999990479,9.999999999990479,-1,-1
97490,corner.diag,9750,9751,0,0,1,1
97500,corner.diag,9751,9752,9.999999999990479,9.999999999990479,-1,-1
97510,corner.diag,9752,9753,0,0,1,1
97520,corner.diag,9753,9754,9.999999999990479,9.999999999990479,-1,-1
97530,corner.diag,9754,9755,0,0,1,1
97540,corner.diag,9755,9756,9.999999999990479,9.999999999990479,-1,-1
97550,corner.diag,9756,9757,0,0,1,1
97560,corner.diag,9757,9758,9.999999999990479,9.999999999990479,-1,-1
97570,corner.diag,9758,9759,0,0,1,1
97580,corner.diag,9759,9760,9.999999999990479,9.999999999990479,-1,-1
97590,corner.diag,9760,9761,0,0,1,1
97600,corner.diag,9761,9762,9.999999999990479,9.999999999990479,-1,-1
97610,corner.diag,9762,9763,0,0,1,1
97620,corner.diag,9763,9764,9.999999999990479,9.999999999990479,-1,-1
97630,corner.diag,9764,9765,0,0,1,1
97640,corner.diag,9765,9766,9.999999999990479,9.999999999990479,-1,-1
97650,corner.diag,9766,9767,0,0,1,1
97660,corner.diag,9767,9768,9.999999999990479,9.999999999990479,-1,-1
97670,corner.diag,9768,9769,0,0,1,1
97680,corner.diag,9769,9770,9.999999999990479,9.999999999990479,-1,-1
97690,corner.diag,9770,9771,0,0,1,1
97700,corner.diag,9771,9772,9.999999999990479,9.999999999990479,-1,-1
97710,corner.diag,9772,9773,0,0,1,1
97720,corner.diag,9773,9774,9.999999999990479,9.999999999990479,-1,-1
97730,corner.diag,9774,9775,0,0,1,1
97740,corner.diag,9775,9776,9.999999999990479,9.999999999990479,-1,-1
97750,corner.diag,9776,9777,0,0,1,1
97760,corner.diag,9777,9778,9.999999999990479,9.999999999990479,-1,-1
97770,corner.diag,9778,9779,0,0,1,1
97780,corner.diag,9779,9780,9.999999999990479,9.999999999990479,-1,-1
97790,corner.diag,9780,9781,0,0,1,1
97800,corner.diag,9781,9782,9.999999999990479,9.999999999990479,-1,-1
97810,corner.diag,9782,9783,0,0,1,1
97820,corner.diag,9783,9784,9.999999999990479,9.999999999990479,-1,-1
97830,corner.diag,9784,9785,0,0,1,1
97840,corner.diag,9785,9786,9.999999999990479,9.999999999990479,-1,-1
97850,corner.diag,9786,9787,0,0,1,1
97860,corner.diag,9787,9788,9.999999999990479,9.999999999990479,-1,-1
97870,corner.diag,9788,9789,0,0,1,1
97880,corner.diag,9789,9790,9.999999999990479,9.999999999990479,-1,-1
97890,corner.diag,9790,9791,0,0,1,1
97900,corner.diag,9791,9792,9.999999999990479,9.999999999990479,-1,-1
97910,corner.diag,9792,9793,0,0,1,1
97920,corner.diag,9793,9794,9.999999999990479,9.999999999990479,-1,-1
97930,corner.diag,9794,9795,0,0,1,1
97940,corner.diag,9795,9796,9.999999999990479,9.999999999990479,-1,-1
97950,corner.diag,9796,9797,0,0,1,1
97960,corner.diag,9797,9798,9.999999999990479,9.999999999990479,-1,-1
97970,corner.diag,9798,9799,0,0,1,1
97980,corner.diag,9799,9800,9.999999999990479,9.999999999990479,-1,-1
97990,corner.diag,9800,9801,0,0,1,1
98000,corner.diag,9801,9802,9.999999999990479,9.999999999990479,-1,-1
98010,corner.diag,9802,9803,0,0,1,1
98020,corner.diag,9803,9804,9.999999999990479,9.999999999990479,-1,-1
98030,corner.diag,9804,9805,0,0,1,1
98040,corner.diag,9805,9806,9.999999999990479,9.999999999990479,-1,-1
98050,corner.diag,9806,9807,0,0,1,1
98060,corner.diag,9807,9808,9.999999999990479,9.999999999990479,-1,-1
98070,corner.diag,9808,9809,0,0,1,1
98080,corner.diag,9809,9810,9.999999999990479,9.999999999990479,-1,-1
98090,corner.diag,9810,9811,0,0,1,1
98100,corner.diag,9811,9812,9.999999999990479,9.999999999990479,-1,-1
98110,corner.diag,9812,9813,0,0,1,1
98120,corner.diag,9813,9814,9.999999999990479,9.999999999990479,-1,-1
98130,corner.diag,9814,9815,0,0,1,1
98140,corner.diag,9815,9816,9.999999999990479,9.999999999990479,-1,-1
98150,corner.diag,9816,9817,0,0,1,1
98160,corner.diag,9817,9818,9.999999999990479,9.999999999990479,-1,-1
98170,corner.diag,9818,9819,0,0,1,1
98180,corner.diag,9819,9820,9.999999999990479,9.999999999990479,-1,-1
98190,corner.diag,9820,9821,0,0,1,1
98200,corner.diag,9821,9822,9.999999999990479,9.999999999990479,-1,-1
98210,corner.diag,9822,9823,0,0,1,1
98220,corner.diag,9823,9824,9.999999999990479,9.999999999990479,-1,-1
98230,corner.diag,9824,9825,0,0,1,1
98240,corner.diag,9825,9826,9.999999999990479,9.999999999990479,-1,-1
98250,corner.diag,9826,9827,0,0,1,1
98260,corner.diag,9827,9828,9.999999999990479,9.999999999990479,-1,-1
98270,corner.diag,9828,9829,0,0,1,1
98280,corner.diag,9829,9830,9.999999999990479,9.999999999990479,-1,-1
98290,corner.diag,9830,9831,0,0,1,1
98300,corner.diag,9831,9832,9.999999999990479,9.999999999990479,-1,-1
98310,corner.diag,9832,9833,0,0,1,1
98320,corner.diag,9833,9834,9.999999999990479,9.999999999990479,-1,-1
98330,corner.diag,9834,9835,0,0,1,1
98340,corner.diag,9835,9836,9.999999999990479,9.999999999990479,-1,-1
98350,corner.diag,9836,9837,0,0,1,1
98360,corner.diag,9837,9838,9.999999999990479,9.999999999990479,-1,-1
98370,corner.diag,9838,9839,0,0,1,1
98380,corner.diag,9839,9840,9.999999999990479,9.999999999990479,-1,-1
98390,corner.diag,9840,9841,0,0,1,1
98400,corner.diag,9841,9842,9.999999999990479,9.999999999990479,-1,-1
98410,corner.diag,9842,9843,0,0,1,1
98420,corner.diag,9843,9844,9.999999999990479,9.999999999990479,-1,-1
98430,corner.diag,9844,9845,0,0,1,1
98440,corner.diag,9845,9846,9.999999999990479,9.999999999990479,-1,-1
98450,corner.diag,9846,9847,0,0,1,1
98460,corner.diag,9847,9848,9.999999999990479,9.999999999990479,-1,-1
98470,corner.diag,9848,9849,0,0,1,1
98480,corner.diag,9849,9850,9.999999999990479,9.999999999990479,-1,-1
98490,corner.diag,9850,9851,0,0,1,1
98500,corner.diag,9851,9852,9.999999999990479,9.999999999990479,-1,-1
98510,corner.diag,9852,9853,0,0,1,1
98520,corner.diag,9853,9854,9.999999999990479,9.999999999990479,-1,-1
98530,corner.diag,9854,9855,0,0,1,1
98540,corner.diag,9855,9856,9.999999999990479,9.999999999990479,-1,-1
98550,corner.diag,9856,9857,0,0,1,1
98560,corner.diag,9857,9858,9.999999999990479,9.999999999990479,-1,-1
98570,corner.diag,9858,9859,0,0,1,1
98580,corner.diag,9859,9860,9.999999999990479,9.999999999990479,-1,-1
98590,corner.diag,9860,9861,0,0,1,1
98600,corner.diag,9861,9862,9.999999999990479,9.999999999990479,-1,-1
98610,corner.diag,9862,9863,0,0,1,1
98620,corner.diag,9863,9864,9.999999999990479,9.999999999990479,-1,-1
98630,corner.diag,9864,9865,0,0,1,1
98640,corner.diag,9865,9866,9.999999999990479,9.999999999990479,-1,-1
98650,corner.diag,9866,9867,0,0,1,1
98660,corner.diag,9867,9868,9.999999999990479,9.999999999990479,-1,-1
98670,corner.diag,9868,9869,0,0,1,1
98680,corner.diag,9869,9870,9.999999999990479,9.999999999990479,-1,-1
98690,corner.diag,9870,9871,0,0,1,1
98700,corner.diag,9871,9872,9.999999999990479,9.999999999990479,-1,-1
98710,corner.diag,9872,9873,0,0,1,1
98720,corner.diag,9873,9874,9.999999999990479,9.999999999990479,-1,-1
98730,corner.diag,9874,9875,0,0,1,1
98740,corner.diag,9875,9876,9.999999999990479,9.999999999990479,-1,-1
98750,corner.diag,9876,9877,0,0,1,1
98760,corner.diag,9877,9878,9.999999999990479,9.999999999990479,-1,-1
98770,corner.diag,9878,9879,0,0,1,1
98780,corner.diag,9879,9880,9.999999999990479,9.999999999990479,-1,-1
98790,corner.diag,9880,9881,0,0,1,1
98800,corner.diag,9881,9882,9.999999999990479,9.999999999990479,-1,-1
98810,corner.diag,9882,9883,0,0,1,1
98820,corner.diag,9883,9884,9.999999999990479,9.999999999990479,-1,-1
98830,corner.diag,9884,9885,0,0,1,1
98840,corner.diag,9885,9886,9.999999999990479,9.999999999990479,-1,-1
98850,corner.diag,9886,9887,0,0,1,1
98860,corner.diag,9887,9888,9.999999999990479,9.999999999990479,-1,-1
98870,corner.diag,9888,9889,0,0,1,1
98880,corner.diag,9889,9890,9.999999999990479,9.999999999990479,-1,-1
98890,corner.diag,9890,9891,0,0,1,1
98900,corner.diag,9891,9892,9.999999999990479,9.999999999990479,-1,-1
98910,corner.diag,9892,9893,0,0,1,1
98920,corner.diag,9893,9894,9.999999999990479,9.999999999990479,-1,-1
98930,corner.diag,9894,9895,0,0,1,1
98940,corner.diag,9895,9896,9.999999999990479,9.999999999990479,-1,-1
98950,corner.diag,9896,9897,0,0,1,1
98960,corner.diag,9897,9898,9.999999999990479,9.999999999990479,-1,-1
98970,corner.diag,9898,9899,0,0,1,1
98980,corner.diag,9899,9900,9.999999999990479,9.999999999990479,-1,-1
98990,corner.diag,9900,9901,0,0,1,1
99000,corner.diag,9901,9902,9.999999999990479,9.999999999990479,-1,-1
99010,corner.diag,9902,9903,0,0,1,1
99020,corner.diag,9903,9904,9.999999999990479,9.999999999990479,-1,-1
99030,corner.diag,9904,9905,0,0,1,1
99040,corner.diag,9905,9906,9.999999999990479,9.999999999990479,-1,-1
99050,corner.diag,9906,9907,0,0,1,1
99060,corner.diag,9907,9908,9.999999999990479,9.999999999990479,-1,-1
99070,corner.diag,9908,9909,0,0,1,1
99080,corner.diag,9909,9910,9.999999999990479,9.999999999990479,-1,-1
99090,corner.diag,9910,9911,0,0,1,1
99100,corner.diag,9911,9912,9.999999999990479,9.999999999990479,-1,-1
99110,corner.diag,9912,9913,0,0,1,1
99120,corner.diag,9913,9914,9.999999999990479,9.999999999990479,-1,-1
99130,corner.diag,9914,9915,0,0,1,1
99140,corner.diag,9915,9916,9.999999999990479,9.999999999990479,-1,-1
99150,corner.diag,9916,9917,0,0,1,1
99160,corner.diag,9917,9918,9.999999999990479,9.999999999990479,-1,-1
99170,corner.diag,9918,9919,0,0,1,1
99180,corner.diag,9919,9920,9.999999999990479,9.999999999990479,-1,-1
99190,corner.diag,9920,9921,0,0,1,1
99200,corner.diag,9921,9922,9.999999999990479,9.999999999990479,-1,-1
99210,corner.diag,9922,9923,0,0,1,1
99220,corner.diag,9923,9924,9.999999999990479,9.999999999990479,-1,-1
99230,corner.diag,9924,9925,0,0,1,1
99240,corner.diag,9925,9926,9.999999999990479,9.999999999990479,-1,-1
99250,corner.diag,9926,9927,0,0,1,1
99260,corner.diag,9927,9928,9.999999999990479,9.999999999990479,-1,-1
99270,corner.diag,9928,9929,0,0,1,1
99280,corner.diag,9929,9930,9.999999999990479,9.999999999990479,-1,-1
99290,corner.diag,9930,9931,0,0,1,1
99300,corner.diag,9931,9932,9.999999999990479,9.999999999990479,-1,-1
99310,corner.diag,9932,9933,0,0,1,1
99320,corner.diag,9933,9934,9.999999999990479,9.999999999990479,-1,-1
99330,corner.diag,9934,9935,0,0,1,1
99340,corner.diag,9935,9936,9.999999999990479,9.999999999990479,-1,-1
99350,corner.diag,9936,9937,0,0,1,1
99360,corner.diag,9937,9938,9.999999999990479,9.999999999990479,-1,-1
99370,corner.diag,9938,9939,0,0,1,1
99380,corner.diag,9939,9940,9.999999999990479,9.999999999990479,-1,-1
99390,corner.diag,9940,9941,0,0,1,1
99400,corner.diag,9941,9942,9.999999999990479,9.999999999990479,-1,-1
99410,corner.diag,9942,9943,0,0,1,1
99420,corner.diag,9943,9944,9.999999999990479,9.999999999990479,-1,-1
99430,corner.diag,9944,9945,0,0,1,1
99440,corner.diag,9945,9946,9.999999999990479,9.999999999990479,-1,-1
99450,corner.diag,9946,9947,0,0,1,1
99460,corner.diag,9947,9948,9.999999999990479,9.999999999990479,-1,-1
99470,corner.diag,9948,9949,0,0,1,1
99480,corner.diag,9949,9950,9.999999999990479,9.999999999990479,-1,-1
99490,corner.diag,9950,9951,0,0,1,1
99500,corner.diag,9951,9952,9.999999999990479,9.999999999990479,-1,-1
99510,corner.diag,9952,9953,0,0,1,1
99520,corner.diag,9953,9954,9.999999999990479,9.999999999990479,-1,-1
99530,corner.diag,9954,9955,0,0,1,1
99540,corner.diag,9955,9956,9.999999999990479,9.999999999990479,-1,-1
99550,corner.diag,9956,9957,0,0,1,1
99560,corner.diag,9957,9958,9.999999999990479,9.999999999990479,-1,-1
99570,corner.diag,9958,9959,0,0,1,1
99580,corner.diag,9959,9960,9.999999999990479,9.999999999990479,-1,-1
99590,corner.diag,9960,9961,0,0,1,1
99600,corner.diag,9961,9962,9.999999999990479,9.999999999990479,-1,-1
99610,corner.diag,9962,9963,0,0,1,1
99620,corner.diag,9963,9964,9.999999999990479,9.999999999990479,-1,-1
99630,corner.diag,9964,9965,0,0,1,1
99640,corner.diag,9965,9966,9.999999999990479,9.999999999990479,-1,-1
99650,corner.diag,9966,9967,0,0,1,1
99660,corner.diag,9967,9968,9.999999999990479,9.999999999990479,-1,-1
99670,corner.diag,9968,9969,0,0,1,1
99680,corner.diag,9969,9970,9.999999999990479,9.999999999990479,-1,-1
99690,corner.diag,9970,9971,0,0,1,1
99700,corner.diag,9971,9972,9.999999999990479,9.999999999990479,-1,-1
99710,corner.diag,9972,9973,0,0,1,1
99720,corner.diag,9973,9974,9.999999999990479,9.999999999990479,-1,-1
99730,corner.diag,9974,9975,0,0,1,1
99740,corner.diag,9975,9976,9.999999999990479,9.999999999990479,-1,-1
99750,corner.diag,9976,9977,0,0,1,1
99760,corner.diag,9977,9978,9.999999999990479,9.999999999990479,-1,-1
99770,corner.diag,9978,9979,0,0,1,1
99780,corner.diag,9979,9980,9.999999999990479,9.999999999990479,-1,-1
99790,corner.diag,9980,9981,0,0,1,1
99800,corner.diag,9981,9982,9.999999999990479,9.999999999990479,-1,-1
99810,corner.diag,9982,9983,0,0,1,1
99820,corner.diag,9983,9984,9.999999999990479,9.999999999990479,-1,-1
99830,corner.diag,9984,9985,0,0,1,1
99840,corner.diag,9985,9986,9.999999999990479,9.999999999990479,-1,-1
99850,corner.diag,9986,9987,0,0,1,1
99860,corner.diag,9987,9988,9.999999999990479,9.999999999990479,-1,-1
99870,corner.diag,9988,9989,0,0,1,1
99880,corner.diag,9989,9990,9.999999999990479,9.999999999990479,-1,-1
99890,corner.diag,9990,9991,0,0,1,1
99900,corner.diag,9991,9992,9.999999999990479,9.999999999990479,-1,-1
99910,corner.diag,9992,9993,0,0,1,1
99920,corner.diag,9993,9994,9.999999999990479,9.999999999990479,-1,-1
99930,corner.diag,9994,9995,0,0,1,1
99940,corner.diag,9995,9996,9.999999999990479,9.999999999990479,-1,-1
99950,corner.diag,9996,9997,0,0,1,1
99960,corner.diag,9997,9998,9.999999999990479,9.999999999990479,-1,-1
99970,corner.diag,9998,9999,0,0,1,1
99980,corner.diag,9999,10000,9.999999999990479,9.999999999990479,-1,-1
99990,corner.diag,10000,10001,0,0,1,1
100000,corner.diag,10001,10002,9.999999999990479,9.999999999990479,-1,-1
100010,corner.diag,10002,10003,0,0,1,1
100020,corner.diag,10003,10004,9.999999999990479,9.999999999990479,-1,-1
100030,corner.diag,10004,10005,0,0,1,1
100040,corner.diag,10005,10006,9.999999999990479,9.999999999990479,-1,-1
100050,corner.diag,10006,10007,0,0,1,1
100060,corner.diag,10007,10008,9.999999999990479,9.999999999990479,-1,-1
100070,corner.diag,10008,10009,0,0,1,1
100080,corner.diag,10009,10010,9.999999999990479,9.999999999990479,-1,-1
100090,corner.diag,10010,10011,0,0,1,1
100100,corner.diag,10011,10012,9.999999999990479,9.999999999990479,-1,-1
100110,corner.diag,10012,10013,0,0,1,1
100120,corner.diag,10013,10014,9.999999999990479,9.999999999990479,-1,-1
100130,corner.diag,10014,10015,0,0,1,1
100140,corner.diag,10015,10016,9.999999999990479,9.999999999990479,-1,-1
100150,corner.diag,10016,10017,0,0,1,1
100160,corner.diag,10017,10018,9.999999999990479,9.999999999990479,-1,-1
100170,corner.diag,10018,10019,0,0,1,1
100180,corner.diag,10019,10020,9.999999999990479,9.999999999990479,-1,-1
100190,corner.diag,10020,10021,0,0,1,1
100200,corner.diag,10021,10022,9.999999999990479,9.999999999990479,-1,-1
100210,corner.diag,10022,10023,0,0,1,1
100220,corner.diag,10023,10024,9.999999999990479,9.999999999990479,-1,-1
100230,corner.diag,10024,10025,0,0,1,1
100240,corner.diag,10025,10026,9.999999999990479,9.999999999990479,-1,-1
100250,corner.diag,10026,10027,0,0,1,1
100260,corner.diag,10027,10028,9.999999999990479,9.999999999990479,-1,-1
100270,corner.diag,10028,10029,0,0,1,1
100280,corner.diag,10029,10030,9.999999999990479,9.999999999990479,-1,-1
100290,corner.diag,10030,10031,0,0,1,1
100300,corner.diag,10031,10032,9.999999999990479,9.999999999990479,-1,-1
100310,corner.diag,10032,10033,0,0,1,1
100320,corner.diag,10033,10034,9.999999999990479,9.999999999990479,-1,-1
100330,corner.diag,10034,10035,0,0,1,1
100340,corner.diag,10035,10036,9.999999999990479,9.999999999990479,-1,-1
100350,corner.diag,10036,10037,0,0,1,1
100360,corner.diag,10037,10038,9.999999999990479,9.999999999990479,-1,-1
100370,corner.diag,10038,10039,0,0,1,1
100380,corner.diag,10039,10040,9.999999999990479,9.999999999990479,-1,-1
100390,corner.diag,10040,10041,0,0,1,1
100400,corner.diag,10041,10042,9.999999999990479,9.999999999990479,-1,-1
100410,corner.diag,10042,10043,0,0,1,1
100420,corner.diag,10043,10044,9.999999999990479,9.999999999990479,-1,-1
100430,corner.diag,10044,10045,0,0,1,1
100440,corner.diag,10045,10046,9.999999999990479,9.999999999990479,-1,-1
100450,corner.diag,10046,10047,0,0,1,1
100460,corner.diag,10047,10048,9.999999999990479,9.999999999990479,-1,-1
100470,corner.diag,10048,10049,0,0,1,1
100480,corner.diag,10049,10050,9.999999999990479,9.999999999990479,-1,-1
100490,corner.diag,10050,10051,0,0,1,1
100500,corner.diag,10051,10052,9.999999999990479,9.999999999990479,-1,-1
100510,corner.diag,10052,10053,0,0,1,1
100520,corner.diag,10053,10054,9.999999999990479,9.999999999990479,-1,-1
100530,corner.diag,10054,10055,0,0,1,1
100540,corner.diag,10055,10056,9.999999999990479,9.999999999990479,-1,-1
100550,corner.diag,10056,10057,0,0,1,1
100560,corner.diag,10057,10058,9.999999999990479,9.999999999990479,-1,-1
100570,corner.diag,10058,10059,0,0,1,1
100580,corner.diag,10059,10060,9.999999999990479,9.999999999990479,-1,-1
100590,corner.diag,10060,10061,0,0,1,1
100600,corner.diag,10061,10062,9.999999999990479,9.999999999990479,-1,-1
100610,corner.diag,10062,10063,0,0,1,1
100620,corner.diag,10063,10064,9.999999999990479,9.999999999990479,-1,-1
100630,corner.diag,10064,10065,0,0,1,1
100640,corner.diag,10065,10066,9.999999999990479,9.999999999990479,-1,-1
100650,corner.diag,10066,10067,0,0,1,1
100660,corner.diag,10067,10068,9.999999999990479,9.999999999990479,-1,-1
100670,corner.diag,10068,10069,0,0,1,1
100680,corner.diag,10069,10070,9.999999999990479,9.999999999990479,-1,-1
100690,corner.diag,10070,10071,0,0,1,1
100700,corner.diag,10071,10072,9.999999999990479,9.999999999990479,-1,-1
100710,corner.diag,10072,10073,0,0,1,1
100720,corner.diag,10073,10074,9.999999999990479,9.999999999990479,-1,-1
100730,corner.diag,10074,10075,0,0,1,1
100740,corner.diag,10075,10076,9.999999999990479,9.999999999990479,-1,-1
100750,corner.diag,10076,10077,0,0,1,1
100760,corner.diag,10077,10078,9.999999999990479,9.999999999990479,-1,-1
100770,corner.diag,10078,10079,0,0,1,1
100780,corner.diag,10079,10080,9.999999999990479,9.999999999990479,-1,-1
100790,corner.diag,10080,10081,0,0,1,1
100800,corner.diag,10081,10082,9.999999999990479,9.999999999990479,-1,-1
100810,corner.diag,10082,10083,0,0,1,1
100820,corner.diag,10083,10084,9.999999999990479,9.999999999990479,-1,-1
100830,corner.diag,10084,10085,0,0,1,1
100840,corner.diag,10085,10086,9.999999999990479,9.999999999990479,-1,-1
100850,corner.diag,10086,10087,0,0,1,1
100860,corner.diag,10087,10088,9.999999999990479,9.999999999990479,-1,-1
100870,corner.diag,10088,10089,0,0,1,1
100880,corner.diag,10089,10090,9.999999999990479,9.999999999990479,-1,-1
100890,corner.diag,10090,10091,0,0,1,1
100900,corner.diag,10091,10092,9.999999999990479,9.999999999990479,-1,-1
100910,corner.diag,10092,10093,0,0,1,1
100920,corner.diag,10093,10094,9.999999999990479,9.999999999990479,-1,-1
100930,corner.diag,10094,10095,0,0,1,1
100940,corner.diag,10095,10096,9.999999999990479,9.999999999990479,-1,-1
100950,corner.diag,10096,10097,0,0,1,1
100960,corner.diag,10097,10098,9.999999999990479,9.999999999990479,-1,-1
100970,corner.diag,10098,10099,0,0,1,1
100980,corner.diag,10099,10100,9.999999999990479,9.999999999990479,-1,-1
100990,corner.diag,10100,10101,0,0,1,1
101000,corner.diag,10101,10102,9.999999999990479,9.999999999990479,-1,-1
101010,corner.diag,10102,10103,0,0,1,1
101020,corner.diag,10103,10104,9.999999999990479,9.999999999990479,-1,-1
101030,corner.diag,10104,10105,0,0,1,1
101040,corner.diag,10105,10106,9.999999999990479,9.999999999990479,-1,-1
101050,corner.diag,10106,10107,0,0,1,1
101060,corner.diag,10107,10108,9.999999999990479,9.999999999990479,-1,-1
101070,corner.diag,10108,10109,0,0,1,1
101080,corner.diag,10109,10110,9.999999999990479,9.999999999990479,-1,-1
101090,corner.diag,10110,10111,0,0,1,1
101100,corner.diag,10111,10112,9.999999999990479,9.999999999990479,-1,-1
101110,corner.diag,10112,10113,0,0,1,1
101120,corner.diag,10113,10114,9.999999999990479,9.999999999990479,-1,-1
101130,corner.diag,10114,10115,0,0,1,1
101140,corner.diag,10115,10116,9.999999999990479,9.999999999990479,-1,-1
101150,corner.diag,10116,10117,0,0,1,1
101160,corner.diag,10117,10118,9.999999999990479,9.999999999990479,-1,-1
101170,corner.diag,10118,10119,0,0,1,1
101180,corner.diag,10119,10120,9.999999999990479,9.999999999990479,-1,-1
101190,corner.diag,10120,10121,0,0,1,1
101200,corner.diag,10121,10122,9.999999999990479,9.999999999990479,-1,-1
101210,corner.diag,10122,10123,0,0,1,1
101220,corner.diag,10123,10124,9.999999999990479,9.999999999990479,-1,-1
101230,corner.diag,10124,10125,0,0,1,1
101240,corner.diag,10125,10126,9.999999999990479,9.999999999990479,-1,-1
101250,corner.diag,10126,10127,0,0,1,1
101260,corner.diag,10127,10128,9.999999999990479,9.999999999990479,-1,-1
101270,corner.diag,10128,10129,0,0,1,1
101280,corner.diag,10129,10130,9.999999999990479,9.999999999990479,-1,-1
101290,corner.diag,10130,10131,0,0,1,1
101300,corner.diag,10131,10132,9.999999999990479,9.999999999990479,-1,-1
101310,corner.diag,10132,10133,0,0,1,1
101320,corner.diag,10133,10134,9.999999999990479,9.999999999990479,-1,-1
101330,corner.diag,10134,10135,0,0,1,1
101340,corner.diag,10135,10136,9.999999999990479,9.999999999990479,-1,-1
101350,corner.diag,10136,10137,0,0,1,1
101360,corner.diag,10137,10138,9.999999999990479,9.999999999990479,-1,-1
101370,corner.diag,10138,10139,0,0,1,1
101380,corner.diag,10139,10140,9.999999999990479,9.999999999990479,-1,-1
101390,corner.diag,10140,10141,0,0,1,1
101400,corner.diag,10141,10142,9.999999999990479,9.999999999990479,-1,-1
101410,corner.diag,10142,10143,0,0,1,1
101420,corner.diag,10143,10144,9.999999999990479,9.999999999990479,-1,-1
101430,corner.diag,10144,10145,0,0,1,1
101440,corner.diag,10145,10146,9.999999999990479,9.999999999990479,-1,-1
101450,corner.diag,10146,10147,0,0,1,1
101460,corner.diag,10147,10148,9.999999999990479,9.999999999990479,-1,-1
101470,corner.diag,10148,10149,0,0,1,1
101480,corner.diag,10149,10150,9.999999999990479,9.999999999990479,-1,-1
101490,corner.diag,10150,10151,0,0,1,1
101500,corner.diag,10151,10152,9.999999999990479,9.999999999990479,-1,-1
101510,corner.diag,10152,10153,0,0,1,1
101520,corner.diag,10153,10154,9.999999999990479,9.999999999990479,-1,-1
101530,corner.diag,10154,10155,0,0,1,1
101540,corner.diag,10155,10156,9.999999999990479,9.999999999990479,-1,-1
101550,corner.diag,10156,10157,0,0,1,1
101560,corner.diag,10157,10158,9.999999999990479,9.999999999990479,-1,-1
101570,corner.diag,10158,10159,0,0,1,1
101580,corner.diag,10159,10160,9.999999999990479,9.999999999990479,-1,-1
101590,corner.diag,10160,10161,0,0,1,1
101600,corner.diag,10161,10162,9.999999999990479,9.999999999990479,-1,-1
101610,corner.diag,10162,10163,0,0,1,1
101620,corner.diag,10163,10164,9.999999999990479,9.999999999990479,-1,-1
101630,corner.diag,10164,10165,0,0,1,1
101640,corner.diag,10165,10166,9.999999999990479,9.999999999990479,-1,-1
101650,corner.diag,10166,10167,0,0,1,1
101660,corner.diag,10167,10168,9.999999999990479,9.999999999990479,-1,-1
101670,corner.diag,10168,10169,0,0,1,1
101680,corner.diag,10169,10170,9.999999999990479,9.999999999990479,-1,-1
101690,corner.diag,10170,10171,0,0,1,1
101700,corner.diag,10171,10172,9.999999999990479,9.999999999990479,-1,-1
101710,corner.diag,10172,10173,0,0,1,1
101720,corner.diag,10173,10174,9.999999999990479,9.999999999990479,-1,-1
101730,corner.diag,10174,10175,0,0,1,1
101740,corner.diag,10175,10176,9.999999999990479,9.999999999990479,-1,-1
101750,corner.diag,10176,10177,0,0,1,1
101760,corner.diag,10177,10178,9.999999999990479,9.999999999990479,-1,-1
101770,corner.diag,10178,10179,0,0,1,1
101780,corner.diag,10179,10180,9.999999999990479,9.999999999990479,-1,-1
101790,corner.diag,10180,10181,0,0,1,1
101800,corner.diag,10181,10182,9.999999999990479,9.999999999990479,-1,-1
101810,corner.diag,10182,10183,0,0,1,1
101820,corner.diag,10183,10184,9.999999999990479,9.999999999990479,-1,-1
101830,corner.diag,10184,10185,0,0,1,1
101840,corner.diag,10185,10186,9.999999999990479,9.999999999990479,-1,-1
101850,corner.diag,10186,10187,0,0,1,1
101860,corner.diag,10187,10188,9.999999999990479,9.999999999990479,-1,-1
101870,corner.diag,10188,10189,0,0,1,1
101880,corner.diag,10189,10190,9.999999999990479,9.999999999990479,-1,-1
101890,corner.diag,10190,10191,0,0,1,1
101900,corner.diag,10191,10192,9.999999999990479,9.999999999990479,-1,-1
101910,corner.diag,10192,10193,0,0,1,1
101920,corner.diag,10193,10194,9.999999999990479,9.999999999990479,-1,-1
101930,corner.diag,10194,10195,0,0,1,1
101940,corner.diag,10195,10196,9.999999999990479,9.999999999990479,-1,-1
101950,corner.diag,10196,10197,0,0,1,1
101960,corner.diag,10197,10198,9.999999999990479,9.999999999990479,-1,-1
101970,corner.diag,10198,10199,0,0,1,1
101980,corner.diag,10199,10200,9.999999999990479,9.999999999990479,-1,-1
101990,corner.diag,10200,10201,0,0,1,1
102000,corner.diag,10201,10202,9.999999999990479,9.999999999990479,-1,-1
102010,corner.diag,10202,10203,0,0,1,1
102020,corner.diag,10203,10204,9.999999999990479,9.999999999990479,-1,-1
102030,corner.diag,10204,10205,0,0,1,1
102040,corner.diag,10205,10206,9.999999999990479,9.999999999990479,-1,-1
102050,corner.diag,10206,10207,0,0,1,1
102060,corner.diag,10207,10208,9.999999999990479,9.999999999990479,-1,-1
102070,corner.diag,10208,10209,0,0,1,1
102080,corner.diag,10209,10210,9.999999999990479,9.999999999990479,-1,-1
102090,corner.diag,10210,10211,0,0,1,1
102100,corner.diag,10211,10212,9.999999999990479,9.999999999990479,-1,-1
102110,corner.diag,10212,10213,0,0,1,1
102120,corner.diag,10213,10214,9.999999999990479,9.999999999990479,-1,-1
102130,corner.diag,10214,10215,0,0,1,1
102140,corner.diag,10215,10216,9.999999999990479,9.999999999990479,-1,-1
102150,corner.diag,10216,10217,0,0,1,1
102160,corner.diag,10217,10218,9.999999999990479,9.999999999990479,-1,-1
102170,corner.diag,10218,10219,0,0,1,1
102180,corner.diag,10219,10220,9.999999999990479,9.999999999990479,-1,-1
102190,corner.diag,10220,10221,0,0,1,1
102200,corner.diag,10221,10222,9.999999999990479,9.999999999990479,-1,-1
102210,corner.diag,10222,10223,0,0,1,1
102220,corner.diag,10223,10224,9.999999999990479,9.999999999990479,-1,-1
102230,corner.diag,10224,10225,0,0,1,1
102240,corner.diag,10225,10226,9.999999999990479,9.999999999990479,-1,-1
102250,corner.diag,10226,10227,0,0,1,1
102260,corner.diag,10227,10228,9.999999999990479,9.999999999990479,-1,-1
102270,corner.diag,10228,10229,0,0,1,1
102280,corner.diag,10229,10230,9.999999999990479,9.999999999990479,-1,-1
102290,corner.diag,10230,10231,0,0,1,1
102300,corner.diag,10231,10232,9.999999999990479,9.999999999990479,-1,-1
102310,corner.diag,10232,10233,0,0,1,1
102320,corner.diag,10233,10234,9.999999999990479,9.999999999990479,-1,-1
102330,corner.diag,10234,10235,0,0,1,1
102340,corner.diag,10235,10236,9.999999999990479,9.999999999990479,-1,-1
102350,corner.diag,10236,10237,0,0,1,1
102360,corner.diag,10237,10238,9.999999999990479,9.999999999990479,-1,-1
102370,corner.diag,10238,10239,0,0,1,1
102380,corner.diag,10239,10240,9.999999999990479,9.999999999990479,-1,-1
102390,corner.diag,10240,10241,0,0,1,1
102400,corner.diag,10241,10242,9.999999999990479,9.999999999990479,-1,-1
102410,corner.diag,10242,10243,0,0,1,1
102420,corner.diag,10243,10244,9.999999999990479,9.999999999990479,-1,-1
102430,corner.diag,10244,10245,0,0,1,1
102440,corner.diag,10245,10246,9.999999999990479,9.999999999990479,-1,-1
102450,corner.diag,10246,10247,0,0,1,1
102460,corner.diag,10247,10248,9.999999999990479,9.999999999990479,-1,-1
102470,corner.diag,10248,10249,0,0,1,1
102480,corner.diag,10249,10250,9.999999999990479,9.999999999990479,-1,-1
102490,corner.diag,10250,10251,0,0,1,1
102500,corner.diag,10251,10252,9.999999999990479,9.999999999990479,-1,-1
102510,corner.diag,10252,10253,0,0,1,1
102520,corner.diag,10253,10254,9.999999999990479,9.999999999990479,-1,-1
102530,corner.diag,10254,10255,0,0,1,1
102540,corner.diag,10255,10256,9.999999999990479,9.999999999990479,-1,-1
102550,corner.diag,10256,10257,0,0,1,1
102560,corner.diag,10257,10258,9.999999999990479,9.999999999990479,-1,-1
102570,corner.diag,10258,10259,0,0,1,1
102580,corner.diag,10259,10260,9.999999999990479,9.999999999990479,-1,-1
102590,corner.diag,10260,10261,0,0,1,1
102600,corner.diag,10261,10262,9.999999999990479,9.999999999990479,-1,-1
102610,corner.diag,10262,10263,0,0,1,1
102620,corner.diag,10263,10264,9.999999999990479,9.999999999990479,-1,-1
102630,corner.diag,10264,10265,0,0,1,1
102640,corner.diag,10265,10266,9.999999999990479,9.999999999990479,-1,-1
102650,corner.diag,10266,10267,0,0,1,1
102660,corner.diag,10267,10268,9.999999999990479,9.999999999990479,-1,-1
102670,corner.diag,10268,10269,0,0,1,1
102680,corner.diag,10269,10270,9.999999999990479,9.999999999990479,-1,-1
102690,corner.diag,10270,10271,0,0,1,1
102700,corner.diag,10271,10272,9.999999999990479,9.999999999990479,-1,-1
102710,corner.diag,10272,10273,0,0,1,1
102720,corner.diag,10273,10274,9.999999999990479,9.999999999990479,-1,-1
102730,corner.diag,10274,10275,0,0,1,1
102740,corner.diag,10275,10276,9.999999999990479,9.999999999990479,-1,-1
102750,corner.diag,10276,10277,0,0,1,1
102760,corner.diag,10277,10278,9.999999999990479,9.999999999990479,-1,-1
102770,corner.diag,10278,10279,0,0,1,1
102780,corner.diag,10279,10280,9.999999999990479,9.999999999990479,-1,-1
102790,corner.diag,10280,10281,0,0,1,1
102800,corner.diag,10281,10282,9.999999999990479,9.999999999990479,-1,-1
102810,corner.diag,10282,10283,0,0,1,1
102820,corner.diag,10283,10284,9.999999999990479,9.999999999990479,-1,-1
102830,corner.diag,10284,10285,0,0,1,1
102840,corner.diag,10285,10286,9.999999999990479,9.999999999990479,-1,-1
102850,corner.diag,10286,10287,0,0,1,1
102860,corner.diag,10287,10288,9.999999999990479,9.999999999990479,-1,-1
102870,corner.diag,10288,10289,0,0,1,1
102880,corner.diag,10289,10290,9.999999999990479,9.999999999990479,-1,-1
102890,corner.diag,10290,10291,0,0,1,1
102900,corner.diag,10291,10292,9.999999999990479,9.999999999990479,-1,-1
102910,corner.diag,10292,10293,0,0,1,1
102920,corner.diag,10293,10294,9.999999999990479,9.999999999990479,-1,-1
102930,corner.diag,10294,10295,0,0,1,1
102940,corner.diag,10295,10296,9.999999999990479,9.999999999990479,-1,-1
102950,corner.diag,10296,10297,0,0,1,1
102960,corner.diag,10297,10298,9.999999999990479,9.999999999990479,-1,-1
102970,corner.diag,10298,10299,0,0,1,1
102980,corner.diag,10299,10300,9.999999999990479,9.999999999990479,-1,-1
102990,corner.diag,10300,10301,0,0,1,1
103000,corner.diag,10301,10302,9.999999999990479,9.999999999990479,-1,-1
103010,corner.diag,10302,10303,0,0,1,1
103020,corner.diag,10303,10304,9.999999999990479,9.999999999990479,-1,-1
103030,corner.diag,10304,10305,0,0,1,1
103040,corner.diag,10305,10306,9.999999999990479,9.999999999990479,-1,-1
103050,corner.diag,10306,10307,0,0,1,1
103060,corner.diag,10307,10308,9.999999999990479,9.999999999990479,-1,-1
103070,corner.diag,10308,10309,0,0,1,1
103080,corner.diag,10309,10310,9.999999999990479,9.999999999990479,-1,-1
103090,corner.diag,10310,10311,0,0,1,1
103100,corner.diag,10311,10312,9.999999999990479,9.999999999990479,-1,-1
103110,corner.diag,10312,10313,0,0,1,1
103120,corner.diag,10313,10314,9.999999999990479,9.999999999990479,-1,-1
103130,corner.diag,10314,10315,0,0,1,1
103140,corner.diag,10315,10316,9.999999999990479,9.999999999990479,-1,-1
103150,corner.diag,10316,10317,0,0,1,1
103160,corner.diag,10317,10318,9.999999999990479,9.999999999990479,-1,-1
103170,corner.diag,10318,10319,0,0,1,1
103180,corner.diag,10319,10320,9.999999999990479,9.999999999990479,-1,-1
103190,corner.diag,10320,10321,0,0,1,1
103200,corner.diag,10321,10322,9.999999999990479,9.999999999990479,-1,-1
103210,corner.diag,10322,10323,0,0,1,1
103220,corner.diag,10323,10324,9.999999999990479,9.999999999990479,-1,-1
103230,corner.diag,10324,10325,0,0,1,1
103240,corner.diag,10325,10326,9.999999999990479,9.999999999990479,-1,-1
103250,corner.diag,10326,10327,0,0,1,1
103260,corner.diag,10327,10328,9.999999999990479,9.999999999990479,-1,-1
103270,corner.diag,10328,10329,0,0,1,1
103280,corner.diag,10329,10330,9.999999999990479,9.999999999990479,-1,-1
103290,corner.diag,10330,10331,0,0,1,1
103300,corner.diag,10331,10332,9.999999999990479,9.999999999990479,-1,-1
103310,corner.diag,10332,10333,0,0,1,1
103320,corner.diag,10333,10334,9.999999999990479,9.999999999990479,-1,-1
103330,corner.diag,10334,10335,0,0,1,1
103340,corner.diag,10335,10336,9.999999999990479,9.999999999990479,-1,-1
103350,corner.diag,10336,10337,0,0,1,1
103360,corner.diag,10337,10338,9.999999999990479,9.999999999990479,-1,-1
103370,corner.diag,10338,10339,0,0,1,1
103380,corner.diag,10339,10340,9.999999999990479,9.999999999990479,-1,-1
103390,corner.diag,10340,10341,0,0,1,1
103400,corner.diag,10341,10342,9.999999999990479,9.999999999990479,-1,-1
103410,corner.diag,10342,10343,0,0,1,1
103420,corner.diag,10343,10344,9.999999999990479,9.999999999990479,-1,-1
103430,corner.diag,10344,10345,0,0,1,1
103440,corner.diag,10345,10346,9.999999999990479,9.999999999990479,-1,-1
103450,corner.diag,10346,10347,0,0,1,1
103460,corner.diag,10347,10348,9.999999999990479,9.999999999990479,-1,-1
103470,corner.diag,10348,10349,0,0,1,1
103480,corner.diag,10349,10350,9.999999999990479,9.999999999990479,-1,-1
103490,corner.diag,10350,10351,0,0,1,1
103500,corner.diag,10351,10352,9.999999999990479,9.999999999990479,-1,-1
103510,corner.diag,10352,10353,0,0,1,1
103520,corner.diag,10353,10354,9.999999999990479,9.999999999990479,-1,-1
103530,corner.diag,10354,10355,0,0,1,1
103540,corner.diag,10355,10356,9.999999999990479,9.999999999990479,-1,-1
103550,corner.diag,10356,10357,0,0,1,1
103560,corner.diag,10357,10358,9.999999999990479,9.999999999990479,-1,-1
103570,corner.diag,10358,10359,0,0,1,1
103580,corner.diag,10359,10360,9.999999999990479,9.999999999990479,-1,-1
103590,corner.diag,10360,10361,0,0,1,1
103600,corner.diag,10361,10362,9.999999999990479,9.999999999990479,-1,-1
103610,corner.diag,10362,10363,0,0,1,1
103620,corner.diag,10363,10364,9.999999999990479,9.999999999990479,-1,-1
103630,corner.diag,10364,10365,0,0,1,1
103640,corner.diag,10365,10366,9.999999999990479,9.999999999990479,-1,-1
103650,corner.diag,10366,10367,0,0,1,1
103660,corner.diag,10367,10368,9.999999999990479,9.999999999990479,-1,-1
103670,corner.diag,10368,10369,0,0,1,1
103680,corner.diag,10369,10370,9.999999999990479,9.999999999990479,-1,-1
103690,corner.diag,10370,10371,0,0,1,1
103700,corner.diag,10371,10372,9.999999999990479,9.999999999990479,-1,-1
103710,corner.diag,10372,10373,0,0,1,1
103720,corner.diag,10373,10374,9.999999999990479,9.999999999990479,-1,-1
103730,corner.diag,10374,10375,0,0,1,1
103740,corner.diag,10375,10376,9.999999999990479,9.999999999990479,-1,-1
103750,corner.diag,10376,10377,0,0,1,1
103760,corner.diag,10377,10378,9.999999999990479,9.999999999990479,-1,-1
103770,corner.diag,10378,10379,0,0,1,1
103780,corner.diag,10379,10380,9.999999999990479,9.999999999990479,-1,-1
103790,corner.diag,10380,10381,0,0,1,1
103800,corner.diag,10381,10382,9.999999999990479,9.999999999990479,-1,-1
103810,corner.diag,10382,10383,0,0,1,1
103820,corner.diag,10383,10384,9.999999999990479,9.999999999990479,-1,-1
103830,corner.diag,10384,10385,0,0,1,1
103840,corner.diag,10385,10386,9.999999999990479,9.999999999990479,-1,-1
103850,corner.diag,10386,10387,0,0,1,1
103860,corner.diag,10387,10388,9.999999999990479,9.999999999990479,-1,-1
103870,corner.diag,10388,10389,0,0,1,1
103880,corner.diag,10389,10390,9.999999999990479,9.999999999990479,-1,-1
103890,corner.diag,10390,10391,0,0,1,1
103900,corner.diag,10391,10392,9.999999999990479,9.999999999990479,-1,-1
103910,corner.diag,10392,10393,0,0,1,1
103920,corner.diag,10393,10394,9.999999999990479,9.999999999990479,-1,-1
103930,corner.diag,10394,10395,0,0,1,1
103940,corner.diag,10395,10396,9.999999999990479,9.999999999990479,-1,-1
103950,corner.diag,10396,10397,0,0,1,1
103960,corner.diag,10397,10398,9.999999999990479,9.999999999990479,-1,-1
103970,corner.diag,10398,10399,0,0,1,1
103980,corner.diag,10399,10400,9.999999999990479,9.999999999990479,-1,-1
103990,corner.diag,10400,10401,0,0,1,1
104000,corner.diag,10401,10402,9.999999999990479,9.999999999990479,-1,-1
104010,corner.diag,10402,10403,0,0,1,1
104020,corner.diag,10403,10404,9.999999999990479,9.999999999990479,-1,-1
104030,corner.diag,10404,10405,0,0,1,1
104040,corner.diag,10405,10406,9.999999999990479,9.999999999990479,-1,-1
104050,corner.diag,10406,10407,0,0,1,1
104060,corner.diag,10407,10408,9.999999999990479,9.999999999990479,-1,-1
104070,corner.diag,10408,10409,0,0,1,1
104080,corner.diag,10409,10410,9.999999999990479,9.999999999990479,-1,-1
104090,corner.diag,10410,10411,0,0,1,1
104100,corner.diag,10411,10412,9.999999999990479,9.999999999990479,-1,-1
104110,corner.diag,10412,10413,0,0,1,1
104120,corner.diag,10413,10414,9.999999999990479,9.999999999990479,-1,-1
104130,corner.diag,10414,10415,0,0,1,1
104140,corner.diag,10415,10416,9.999999999990479,9.999999999990479,-1,-1
104150,corner.diag,10416,10417,0,0,1,1
104160,corner.diag,10417,10418,9.999999999990479,9.999999999990479,-1,-1
104170,corner.diag,10418,10419,0,0,1,1
104180,corner.diag,10419,10420,9.999999999990479,9.999999999990479,-1,-1
104190,corner.diag,10420,10421,0,0,1,1
104200,corner.diag,10421,10422,9.999999999990479,9.999999999990479,-1,-1
104210,corner.diag,10422,10423,0,0,1,1
104220,corner.diag,10423,10424,9.999999999990479,9.999999999990479,-1,-1
104230,corner.diag,10424,10425,0,0,1,1
104240,corner.diag,10425,10426,9.999999999990479,9.999999999990479,-1,-1
104250,corner.diag,10426,10427,0,0,1,1
104260,corner.diag,10427,10428,9.999999999990479,9.999999999990479,-1,-1
104270,corner.diag,10428,10429,0,0,1,1
104280,corner.diag,10429,10430,9.999999999990479,9.999999999990479,-1,-1
104290,corner.diag,10430,10431,0,0,1,1
104300,corner.diag,10431,10432,9.999999999990479,9.999999999990479,-1,-1
104310,corner.diag,10432,10433,0,0,1,1
104320,corner.diag,10433,10434,9.999999999990479,9.999999999990479,-1,-1
104330,corner.diag,10434,10435,0,0,1,1
104340,corner.diag,10435,10436,9.999999999990479,9.999999999990479,-1,-1
104350,corner.diag,10436,10437,0,0,1,1
104360,corner.diag,10437,10438,9.999999999990479,9.999999999990479,-1,-1
104370,corner.diag,10438,10439,0,0,1,1
104380,corner.diag,10439,10440,9.999999999990479,9.999999999990479,-1,-1
104390,corner.diag,10440,10441,0,0,1,1
104400,corner.diag,10441,10442,9.999999999990479,9.999999999990479,-1,-1
104410,corner.diag,10442,10443,0,0,1,1
104420,corner.diag,10443,10444,9.999999999990479,9.999999999990479,-1,-1
104430,corner.diag,10444,10445,0,0,1,1
104440,corner.diag,10445,10446,9.999999999990479,9.999999999990479,-1,-1
104450,corner.diag,10446,10447,0,0,1,1
104460,corner.diag,10447,10448,9.999999999990479,9.999999999990479,-1,-1
104470,corner.diag,10448,10449,0,0,1,1
104480,corner.diag,10449,10450,9.999999999990479,9.999999999990479,-1,-1
104490,corner.diag,10450,10451,0,0,1,1
104500,corner.diag,10451,10452,9.999999999990479,9.999999999990479,-1,-1
104510,corner.diag,10452,10453,0,0,1,1
104520,corner.diag,10453,10454,9.999999999990479,9.999999999990479,-1,-1
104530,corner.diag,10454,10455,0,0,1,1
104540,corner.diag,10455,10456,9.999999999990479,9.999999999990479,-1,-1
104550,corner.diag,10456,10457,0,0,1,1
104560,corner.diag,10457,10458,9.999999999990479,9.999999999990479,-1,-1
104570,corner.diag,10458,10459,0,0,1,1
104580,corner.diag,10459,10460,9.999999999990479,9.999999999990479,-1,-1
104590,corner.diag,10460,10461,0,0,1,1
104600,corner.diag,10461,10462,9.999999999990479,9.999999999990479,-1,-1
104610,corner.diag,10462,10463,0,0,1,1
104620,corner.diag,10463,10464,9.999999999990479,9.999999999990479,-1,-1
104630,corner.diag,10464,10465,0,0,1,1
104640,corner.diag,10465,10466,9.999999999990479,9.999999999990479,-1,-1
104650,corner.diag,10466,10467,0,0,1,1
104660,corner.diag,10467,10468,9.999999999990479,9.999999999990479,-1,-1
104670,corner.diag,10468,10469,0,0,1,1
104680,corner.diag,10469,10470,9.999999999990479,9.999999999990479,-1,-1
104690,corner.diag,10470,10471,0,0,1,1
104700,corner.diag,10471,10472,9.999999999990479,9.999999999990479,-1,-1
104710,corner.diag,10472,10473,0,0,1,1
104720,corner.diag,10473,10474,9.999999999990479,9.999999999990479,-1,-1
104730,corner.diag,10474,10475,0,0,1,1
104740,corner.diag,10475,10476,9.999999999990479,9.999999999990479,-1,-1
104750,corner.diag,10476,10477,0,0,1,1
104760,corner.diag,10477,10478,9.999999999990479,9.999999999990479,-1,-1
104770,corner.diag,10478,10479,0,0,1,1
104780,corner.diag,10479,10480,9.999999999990479,9.999999999990479,-1,-1
104790,corner.diag,10480,10481,0,0,1,1
104800,corner.diag,10481,10482,9.999999999990479,9.999999999990479,-1,-1
104810,corner.diag,10482,10483,0,0,1,1
104820,corner.diag,10483,10484,9.999999999990479,9.999999999990479,-1,-1
104830,corner.diag,10484,10485,0,0,1,1
104840,corner.diag,10485,10486,9.999999999990479,9.999999999990479,-1,-1
104850,corner.diag,10486,10487,0,0,1,1
104860,corner.diag,10487,10488,9.999999999990479,9.999999999990479,-1,-1
104870,corner.diag,10488,10489,0,0,1,1
104880,corner.diag,10489,10490,9.999999999990479,9.999999999990479,-1,-1
104890,corner.diag,10490,10491,0,0,1,1
104900,corner.diag,10491,10492,9.999999999990479,9.999999999990479,-1,-1
104910,corner.diag,10492,10493,0,0,1,1
104920,corner.diag,10493,10494,9.999999999990479,9.999999999990479,-1,-1
104930,corner.diag,10494,10495,0,0,1,1
104940,corner.diag,10495,10496,9.999999999990479,9.999999999990479,-1,-1
104950,corner.diag,10496,10497,0,0,1,1
104960,corner.diag,10497,10498,9.999999999990479,9.999999999990479,-1,-1
104970,corner.diag,10498,10499,0,0,1,1
104980,corner.diag,10499,10500,9.999999999990479,9.999999999990479,-1,-1
104990,corner.diag,10500,10501,0,0,1,1
105000,corner.diag,10501,10502,9.999999999990479,9.999999999990479,-1,-1
105010,corner.diag,10502,10503,0,0,1,1
105020,corner.diag,10503,10504,9.999999999990479,9.999999999990479,-1,-1
105030,corner.diag,10504,10505,0,0,1,1
105040,corner.diag,10505,10506,9.999999999990479,9.999999999990479,-1,-1
105050,corner.diag,10506,10507,0,0,1,1
105060,corner.diag,10507,10508,9.999999999990479,9.999999999990479,-1,-1
105070,corner.diag,10508,10509,0,0,1,1
105080,corner.diag,10509,10510,9.999999999990479,9.999999999990479,-1,-1
105090,corner.diag,10510,10511,0,0,1,1
105100,corner.diag,10511,10512,9.999999999990479,9.999999999990479,-1,-1
105110,corner.diag,10512,10513,0,0,1,1
105120,corner.diag,10513,10514,9.999999999990479,9.999999999990479,-1,-1
105130,corner.diag,10514,10515,0,0,1,1
105140,corner.diag,10515,10516,9.999999999990479,9.999999999990479,-1,-1
105150,corner.diag,10516,10517,0,0,1,1
105160,corner.diag,10517,10518,9.999999999990479,9.999999999990479,-1,-1
105170,corner.diag,10518,10519,0,0,1,1
105180,corner.diag,10519,10520,9.999999999990479,9.999999999990479,-1,-1
105190,corner.diag,10520,10521,0,0,1,1
105200,corner.diag,10521,10522,9.999999999990479,9.999999999990479,-1,-1
105210,corner.diag,10522,10523,0,0,1,1
105220,corner.diag,10523,10524,9.999999999990479,9.999999999990479,-1,-1
105230,corner.diag,10524,10525,0,0,1,1
105240,corner.diag,10525,10526,9.999999999990479,9.999999999990479,-1,-1
105250,corner.diag,10526,10527,0,0,1,1
105260,corner.diag,10527,10528,9.999999999990479,9.999999999990479,-1,-1
105270,corner.diag,10528,10529,0,0,1,1
105280,corner.diag,10529,10530,9.999999999990479,9.999999999990479,-1,-1
105290,corner.diag,10530,10531,0,0,1,1
105300,corner.diag,10531,10532,9.999999999990479,9.999999999990479,-1,-1
105310,corner.diag,10532,10533,0,0,1,1
105320,corner.diag,10533,10534,9.999999999990479,9.999999999990479,-1,-1
105330,corner.diag,10534,10535,0,0,1,1
105340,corner.diag,10535,10536,9.999999999990479,9.999999999990479,-1,-1
105350,corner.diag,10536,10537,0,0,1,1
105360,corner.diag,10537,10538,9.999999999990479,9.999999999990479,-1,-1
105370,corner.diag,10538,10539,0,0,1,1
105380,corner.diag,10539,10540,9.999999999990479,9.999999999990479,-1,-1
105390,corner.diag,10540,10541,0,0,1,1
105400,corner.diag,10541,10542,9.999999999990479,9.999999999990479,-1,-1
105410,corner.diag,10542,10543,0,0,1,1
105420,corner.diag,10543,10544,9.999999999990479,9.999999999990479,-1,-1
105430,corner.diag,10544,10545,0,0,1,1
105440,corner.diag,10545,10546,9.999999999990479,9.999999999990479,-1,-1
105450,corner.diag,10546,10547,0,0,1,1
105460,corner.diag,10547,10548,9.999999999990479,9.999999999990479,-1,-1
105470,corner.diag,10548,10549,0,0,1,1
105480,corner.diag,10549,10550,9.999999999990479,9.999999999990479,-1,-1
105490,corner.diag,10550,10551,0,0,1,1
105500,corner.diag,10551,10552,9.999999999990479,9.999999999990479,-1,-1
105510,corner.diag,10552,10553,0,0,1,1
105520,corner.diag,10553,10554,9.999999999990479,9.999999999990479,-1,-1
105530,corner.diag,10554,10555,0,0,1,1
105540,corner.diag,10555,10556,9.999999999990479,9.999999999990479,-1,-1
105550,corner.diag,10556,10557,0,0,1,1
105560,corner.diag,10557,10558,9.999999999990479,9.999999999990479,-1,-1
105570,corner.diag,10558,10559,0,0,1,1
105580,corner.diag,10559,10560,9.999999999990479,9.999999999990479,-1,-1
105590,corner.diag,10560,10561,0,0,1,1
105600,corner.diag,10561,10562,9.999999999990479,9.999999999990479,-1,-1
105610,corner.diag,10562,10563,0,0,1,1
105620,corner.diag,10563,10564,9.999999999990479,9.999999999990479,-1,-1
105630,corner.diag,10564,10565,0,0,1,1
105640,corner.diag,10565,10566,9.999999999990479,9.999999999990479,-1,-1
105650,corner.diag,10566,10567,0,0,1,1
105660,corner.diag,10567,10568,9.999999999990479,9.999999999990479,-1,-1
105670,corner.diag,10568,10569,0,0,1,1
105680,corner.diag,10569,10570,9.999999999990479,9.999999999990479,-1,-1
105690,corner.diag,10570,10571,0,0,1,1
105700,corner.diag,10571,10572,9.999999999990479,9.999999999990479,-1,-1
105710,corner.diag,10572,10573,0,0,1,1
105720,corner.diag,10573,10574,9.999999999990479,9.999999999990479,-1,-1
105730,corner.diag,10574,10575,0,0,1,1
105740,corner.diag,10575,10576,9.999999999990479,9.999999999990479,-1,-1
105750,corner.diag,10576,10577,0,0,1,1
105760,corner.diag,10577,10578,9.999999999990479,9.999999999990479,-1,-1
105770,corner.diag,10578,10579,0,0,1,1
105780,corner.diag,10579,10580,9.999999999990479,9.999999999990479,-1,-1
105790,corner.diag,10580,10581,0,0,1,1
105800,corner.diag,10581,10582,9.999999999990479,9.999999999990479,-1,-1
105810,corner.diag,10582,10583,0,0,1,1
105820,corner.diag,10583,10584,9.999999999990479,9.999999999990479,-1,-1
105830,corner.diag,10584,10585,0,0,1,1
105840,corner.diag,10585,10586,9.999999999990479,9.999999999990479,-1,-1
105850,corner.diag,10586,10587,0,0,1,1
105860,corner.diag,10587,10588,9.999999999990479,9.999999999990479,-1,-1
105870,corner.diag,10588,10589,0,0,1,1
105880,corner.diag,10589,10590,9.999999999990479,9.999999999990479,-1,-1
105890,corner.diag,10590,10591,0,0,1,1
105900,corner.diag,10591,10592,9.999999999990479,9.999999999990479,-1,-1
105910,corner.diag,10592,10593,0,0,1,1
105920,corner.diag,10593,10594,9.999999999990479,9.999999999990479,-1,-1
105930,corner.diag,10594,10595,0,0,1,1
105940,corner.diag,10595,10596,9.999999999990479,9.999999999990479,-1,-1
105950,corner.diag,10596,10597,0,0,1,1
105960,corner.diag,10597,10598,9.999999999990479,9.999999999990479,-1,-1
105970,corner.diag,10598,10599,0,0,1,1
105980,corner.diag,10599,10600,9.999999999990479,9.999999999990479,-1,-1
105990,corner.diag,10600,10601,0,0,1,1
106000,corner.diag,10601,10602,9.999999999990479,9.999999999990479,-1,-1
106010,corner.diag,10602,10603,0,0,1,1
106020,corner.diag,10603,10604,9.999999999990479,9.999999999990479,-1,-1
106030,corner.diag,10604,10605,0,0,1,1
106040,corner.diag,10605,10606,9.999999999990479,9.999999999990479,-1,-1
106050,corner.diag,10606,10607,0,0,1,1
106060,corner.diag,10607,10608,9.999999999990479,9.999999999990479,-1,-1
106070,corner.diag,10608,10609,0,0,1,1
106080,corner.diag,10609,10610,9.999999999990479,9.999999999990479,-1,-1
106090,corner.diag,10610,10611,0,0,1,1
106100,corner.diag,10611,10612,9.999999999990479,9.999999999990479,-1,-1
106110,corner.diag,10612,10613,0,0,1,1
106120,corner.diag,10613,10614,9.999999999990479,9.999999999990479,-1,-1
106130,corner.diag,10614,10615,0,0,1,1
106140,corner.diag,10615,10616,9.999999999990479,9.999999999990479,-1,-1
106150,corner.diag,10616,10617,0,0,1,1
106160,corner.diag,10617,10618,9.999999999990479,9.999999999990479,-1,-1
106170,corner.diag,10618,10619,0,0,1,1
106180,corner.diag,10619,10620,9.999999999990479,9.999999999990479,-1,-1
106190,corner.diag,10620,10621,0,0,1,1
106200,corner.diag,10621,10622,9.999999999990479,9.999999999990479,-1,-1
106210,corner.diag,10622,10623,0,0,1,1
106220,corner.diag,10623,10624,9.999999999990479,9.999999999990479,-1,-1
106230,corner.diag,10624,10625,0,0,1,1
106240,corner.diag,10625,10626,9.999999999990479,9.999999999990479,-1,-1
106250,corner.diag,10626,10627,0,0,1,1
106260,corner.diag,10627,10628,9.999999999990479,9.999999999990479,-1,-1
106270,corner.diag,10628,10629,0,0,1,1
106280,corner.diag,10629,10630,9.999999999990479,9.999999999990479,-1,-1
106290,corner.diag,10630,10631,0,0,1,1
106300,corner.diag,10631,10632,9.999999999990479,9.999999999990479,-1,-1
106310,corner.diag,10632,10633,0,0,1,1
106320,corner.diag,10633,10634,9.999999999990479,9.999999999990479,-1,-1
106330,corner.diag,10634,10635,0,0,1,1
106340,corner.diag,10635,10636,9.999999999990479,9.999999999990479,-1,-1
106350,corner.diag,10636,10637,0,0,1,1
106360,corner.diag,10637,10638,9.999999999990479,9.999999999990479,-1,-1
106370,corner.diag,10638,10639,0,0,1,1
106380,corner.diag,10639,10640,9.999999999990479,9.999999999990479,-1,-1
106390,corner.diag,10640,10641,0,0,1,1
106400,corner.diag,10641,10642,9.999999999990479,9.999999999990479,-1,-1
106410,corner.diag,10642,10643,0,0,1,1
106420,corner.diag,10643,10644,9.999999999990479,9.999999999990479,-1,-1
106430,corner.diag,10644,10645,0,0,1,1
106440,corner.diag,10645,10646,9.999999999990479,9.999999999990479,-1,-1
106450,corner.diag,10646,10647,0,0,1,1
106460,corner.diag,10647,10648,9.999999999990479,9.999999999990479,-1,-1
106470,corner.diag,10648,10649,0,0,1,1
106480,corner.diag,10649,10650,9.999999999990479,9.999999999990479,-1,-1
106490,corner.diag,10650,10651,0,0,1,1
106500,corner.diag,10651,10652,9.999999999990479,9.999999999990479,-1,-1
106510,corner.diag,10652,10653,0,0,1,1
106520,corner.diag,10653,10654,9.999999999990479,9.999999999990479,-1,-1
106530,corner.diag,10654,10655,0,0,1,1
106540,corner.diag,10655,10656,9.999999999990479,9.999999999990479,-1,-1
106550,corner.diag,10656,10657,0,0,1,1
106560,corner.diag,10657,10658,9.999999999990479,9.999999999990479,-1,-1
106570,corner.diag,10658,10659,0,0,1,1
106580,corner.diag,10659,10660,9.999999999990479,9.999999999990479,-1,-1
106590,corner.diag,10660,10661,0,0,1,1
106600,corner.diag,10661,10662,9.999999999990479,9.999999999990479,-1,-1
106610,corner.diag,10662,10663,0,0,1,1
106620,corner.diag,10663,10664,9.999999999990479,9.999999999990479,-1,-1
106630,corner.diag,10664,10665,0,0,1,1
106640,corner.diag,10665,10666,9.999999999990479,9.999999999990479,-1,-1
106650,corner.diag,10666,10667,0,0,1,1
106660,corner.diag,10667,10668,9.999999999990479,9.999999999990479,-1,-1
106670,corner.diag,10668,10669,0,0,1,1
106680,corner.diag,10669,10670,9.999999999990479,9.999999999990479,-1,-1
106690,corner.diag,10670,10671,0,0,1,1
106700,corner.diag,10671,10672,9.999999999990479,9.999999999990479,-1,-1
106710,corner.diag,10672,10673,0,0,1,1
106720,corner.diag,10673,10674,9.999999999990479,9.999999999990479,-1,-1
106730,corner.diag,10674,10675,0,0,1,1
106740,corner.diag,10675,10676,9.999999999990479,9.999999999990479,-1,-1
106750,corner.diag,10676,10677,0,0,1,1
106760,corner.diag,10677,10678,9.999999999990479,9.999999999990479,-1,-1
106770,corner.diag,10678,10679,0,0,1,1
106780,corner.diag,10679,10680,9.999999999990479,9.999999999990479,-1,-1
106790,corner.diag,10680,10681,0,0,1,1
106800,corner.diag,10681,10682,9.999999999990479,9.999999999990479,-1,-1
106810,corner.diag,10682,10683,0,0,1,1
106820,corner.diag,10683,10684,9.999999999990479,9.999999999990479,-1,-1
106830,corner.diag,10684,10685,0,0,1,1
106840,corner.diag,10685,10686,9.999999999990479,9.999999999990479,-1,-1
106850,corner.diag,10686,10687,0,0,1,1
106860,corner.diag,10687,10688,9.999999999990479,9.999999999990479,-1,-1
106870,corner.diag,10688,10689,0,0,1,1
106880,corner.diag,10689,10690,9.999999999990479,9.999999999990479,-1,-1
106890,corner.diag,10690,10691,0,0,1,1
106900,corner.diag,10691,10692,9.999999999990479,9.999999999990479,-1,-1
106910,corner.diag,10692,10693,0,0,1,1
106920,corner.diag,10693,10694,9.999999999990479,9.999999999990479,-1,-1
106930,corner.diag,10694,10695,0,0,1,1
106940,corner.diag,10695,10696,9.999999999990479,9.999999999990479,-1,-1
106950,corner.diag,10696,10697,0,0,1,1
106960,corner.diag,10697,10698,9.999999999990479,9.999999999990479,-1,-1
106970,corner.diag,10698,10699,0,0,1,1
106980,corner.diag,10699,10700,9.999999999990479,9.999999999990479,-1,-1
106990,corner.diag,10700,10701,0,0,1,1
107000,corner.diag,10701,10702,9.999999999990479,9.999999999990479,-1,-1
107010,corner.diag,10702,10703,0,0,1,1
107020,corner.diag,10703,10704,9.999999999990479,9.999999999990479,-1,-1
107030,corner.diag,10704,10705,0,0,1,1
107040,corner.diag,10705,10706,9.999999999990479,9.999999999990479,-1,-1
107050,corner.diag,10706,10707,0,0,1,1
107060,corner.diag,10707,10708,9.999999999990479,9.999999999990479,-1,-1
107070,corner.diag,10708,10709,0,0,1,1
107080,corner.diag,10709,10710,9.999999999990479,9.999999999990479,-1,-1
107090,corner.diag,10710,10711,0,0,1,1
107100,corner.diag,10711,10712,9.999999999990479,9.999999999990479,-1,-1
107110,corner.diag,10712,10713,0,0,1,1
107120,corner.diag,10713,10714,9.999999999990479,9.999999999990479,-1,-1
107130,corner.diag,10714,10715,0,0,1,1
107140,corner.diag,10715,10716,9.999999999990479,9.999999999990479,-1,-1
107150,corner.diag,10716,10717,0,0,1,1
107160,corner.diag,10717,10718,9.999999999990479,9.999999999990479,-1,-1
107170,corner.diag,10718,10719,0,0,1,1
107180,corner.diag,10719,10720,9.999999999990479,9.999999999990479,-1,-1
107190,corner.diag,10720,10721,0,0,1,1
107200,corner.diag,10721,10722,9.999999999990479,9.999999999990479,-1,-1
107210,corner.diag,10722,10723,0,0,1,1
107220,corner.diag,10723,10724,9.999999999990479,9.999999999990479,-1,-1
107230,corner.diag,10724,10725,0,0,1,1
107240,corner.diag,10725,10726,9.999999999990479,9.999999999990479,-1,-1
107250,corner.diag,10726,10727,0,0,1,1
107260,corner.diag,10727,10728,9.999999999990479,9.999999999990479,-1,-1
107270,corner.diag,10728,10729,0,0,1,1
107280,corner.diag,10729,10730,9.999999999990479,9.999999999990479,-1,-1
107290,corner.diag,10730,10731,0,0,1,1
107300,corner.diag,10731,10732,9.999999999990479,9.999999999990479,-1,-1
107310,corner.diag,10732,10733,0,0,1,1
107320,corner.diag,10733,10734,9.999999999990479,9.999999999990479,-1,-1
107330,corner.diag,10734,10735,0,0,1,1
107340,corner.diag,10735,10736,9.999999999990479,9.999999999990479,-1,-1
107350,corner.diag,10736,10737,0,0,1,1
107360,corner.diag,10737,10738,9.999999999990479,9.999999999990479,-1,-1
107370,corner.diag,10738,10739,0,0,1,1
107380,corner.diag,10739,10740,9.999999999990479,9.999999999990479,-1,-1
107390,corner.diag,10740,10741,0,0,1,1
107400,corner.diag,10741,10742,9.999999999990479,9.999999999990479,-1,-1
107410,corner.diag,10742,10743,0,0,1,1
107420,corner.diag,10743,10744,9.999999999990479,9.999999999990479,-1,-1
107430,corner.diag,10744,10745,0,0,1,1
107440,corner.diag,10745,10746,9.999999999990479,9.999999999990479,-1,-1
107450,corner.diag,10746,10747,0,0,1,1
107460,corner.diag,10747,10748,9.999999999990479,9.999999999990479,-1,-1
107470,corner.diag,10748,10749,0,0,1,1
107480,corner.diag,10749,10750,9.999999999990479,9.999999999990479,-1,-1
107490,corner.diag,10750,10751,0,0,1,1
107500,corner.diag,10751,10752,9.999999999990479,9.999999999990479,-1,-1
107510,corner.diag,10752,10753,0,0,1,1
107520,corner.diag,10753,10754,9.999999999990479,9.999999999990479,-1,-1
107530,corner.diag,10754,10755,0,0,1,1
107540,corner.diag,10755,10756,9.999999999990479,9.999999999990479,-1,-1
107550,corner.diag,10756,10757,0,0,1,1
107560,corner.diag,10757,10758,9.999999999990479,9.999999999990479,-1,-1
107570,corner.diag,10758,10759,0,0,1,1
107580,corner.diag,10759,10760,9.999999999990479,9.999999999990479,-1,-1
107590,corner.diag,10760,10761,0,0,1,1
107600,corner.diag,10761,10762,9.999999999990479,9.999999999990479,-1,-1
107610,corner.diag,10762,10763,0,0,1,1
107620,corner.diag,10763,10764,9.999999999990479,9.999999999990479,-1,-1
107630,corner.diag,10764,10765,0,0,1,1
107640,corner.diag,10765,10766,9.999999999990479,9.999999999990479,-1,-1
107650,corner.diag,10766,10767,0,0,1,1
107660,corner.diag,10767,10768,9.999999999990479,9.999999999990479,-1,-1
107670,corner.diag,10768,10769,0,0,1,1
107680,corner.diag,10769,10770,9.999999999990479,9.999999999990479,-1,-1
107690,corner.diag,10770,10771,0,0,1,1
107700,corner.diag,10771,10772,9.999999999990479,9.999999999990479,-1,-1
107710,corner.diag,10772,10773,0,0,1,1
107720,corner.diag,10773,10774,9.999999999990479,9.999999999990479,-1,-1
107730,corner.diag,10774,10775,0,0,1,1
107740,corner.diag,10775,10776,9.999999999990479,9.999999999990479,-1,-1
107750,corner.diag,10776,10777,0,0,1,1
107760,corner.diag,10777,10778,9.999999999990479,9.999999999990479,-1,-1
107770,corner.diag,10778,10779,0,0,1,1
107780,corner.diag,10779,10780,9.999999999990479,9.999999999990479,-1,-1
107790,corner.diag,10780,10781,0,0,1,1
107800,corner.diag,10781,10782,9.999999999990479,9.999999999990479,-1,-1
107810,corner.diag,10782,10783,0,0,1,1
107820,corner.diag,10783,10784,9.999999999990479,9.999999999990479,-1,-1
107830,corner.diag,10784,10785,0,0,1,1
107840,corner.diag,10785,10786,9.999999999990479,9.999999999990479,-1,-1
107850,corner.diag,10786,10787,0,0,1,1
107860,corner.diag,10787,10788,9.999999999990479,9.999999999990479,-1,-1
107870,corner.diag,10788,10789,0,0,1,1
107880,corner.diag,10789,10790,9.999999999990479,9.999999999990479,-1,-1
107890,corner.diag,10790,10791,0,0,1,1
107900,corner.diag,10791,10792,9.999999999990479,9.999999999990479,-1,-1
107910,corner.diag,10792,10793,0,0,1,1
107920,corner.diag,10793,10794,9.999999999990479,9.999999999990479,-1,-1
107930,corner.diag,10794,10795,0,0,1,1
107940,corner.diag,10795,10796,9.999999999990479,9.999999999990479,-1,-1
107950,corner.diag,10796,10797,0,0,1,1
107960,corner.diag,10797,10798,9.999999999990479,9.999999999990479,-1,-1
107970,corner.diag,10798,10799,0,0,1,1
107980,corner.diag,10799,10800,9.999999999990479,9.999999999990479,-1,-1
107990,corner.diag,10800,10801,0,0,1,1
108000,corner.diag,10801,10802,9.999999999990479,9.999999999990479,-1,-1
108010,corner.diag,10802,10803,0,0,1,1
108020,corner.diag,10803,10804,9.999999999990479,9.999999999990479,-1,-1
108030,corner.diag,10804,10805,0,0,1,1
108040,corner.diag,10805,10806,9.999999999990479,9.999999999990479,-1,-1
108050,corner.diag,10806,10807,0,0,1,1
108060,corner.diag,10807,10808,9.999999999990479,9.999999999990479,-1,-1
108070,corner.diag,10808,10809,0,0,1,1
108080,corner.diag,10809,10810,9.999999999990479,9.999999999990479,-1,-1
108090,corner.diag,10810,10811,0,0,1,1
108100,corner.diag,10811,10812,9.999999999990479,9.999999999990479,-1,-1
108110,corner.diag,10812,10813,0,0,1,1
108120,corner.diag,10813,10814,9.999999999990479,9.999999999990479,-1,-1
108130,corner.diag,10814,10815,0,0,1,1
108140,corner.diag,10815,10816,9.999999999990479,9.999999999990479,-1,-1
108150,corner.diag,10816,10817,0,0,1,1
108160,corner.diag,10817,10818,9.999999999990479,9.999999999990479,-1,-1
108170,corner.diag,10818,10819,0,0,1,1
108180,corner.diag,10819,10820,9.999999999990479,9.999999999990479,-1,-1
108190,corner.diag,10820,10821,0,0,1,1
108200,corner.diag,10821,10822,9.999999999990479,9.999999999990479,-1,-1
108210,corner.diag,10822,10823,0,0,1,1
108220,corner.diag,10823,10824,9.999999999990479,9.999999999990479,-1,-1
108230,corner.diag,10824,10825,0,0,1,1
108240,corner.diag,10825,10826,9.999999999990479,9.999999999990479,-1,-1
108250,corner.diag,10826,10827,0,0,1,1
108260,corner.diag,10827,10828,9.999999999990479,9.999999999990479,-1,-1
108270,corner.diag,10828,10829,0,0,1,1
108280,corner.diag,10829,10830,9.999999999990479,9.999999999990479,-1,-1
108290,corner.diag,10830,10831,0,0,1,1
108300,corner.diag,10831,10832,9.999999999990479,9.999999999990479,-1,-1
108310,corner.diag,10832,10833,0,0,1,1
108320,corner.diag,10833,10834,9.999999999990479,9.999999999990479,-1,-1
108330,corner.diag,10834,10835,0,0,1,1
108340,corner.diag,10835,10836,9.999999999990479,9.999999999990479,-1,-1
108350,corner.diag,10836,10837,0,0,1,1
108360,corner.diag,10837,10838,9.999999999990479,9.999999999990479,-1,-1
108370,corner.diag,10838,10839,0,0,1,1
108380,corner.diag,10839,10840,9.999999999990479,9.999999999990479,-1,-1
108390,corner.diag,10840,10841,0,0,1,1
108400,corner.diag,10841,10842,9.999999999990479,9.999999999990479,-1,-1
108410,corner.diag,10842,10843,0,0,1,1
108420,corner.diag,10843,10844,9.999999999990479,9.999999999990479,-1,-1
108430,corner.diag,10844,10845,0,0,1,1
108440,corner.diag,10845,10846,9.999999999990479,9.999999999990479,-1,-1
108450,corner.diag,10846,10847,0,0,1,1
108460,corner.diag,10847,10848,9.999999999990479,9.999999999990479,-1,-1
108470,corner.diag,10848,10849,0,0,1,1
108480,corner.diag,10849,10850,9.999999999990479,9.999999999990479,-1,-1
108490,corner.diag,10850,10851,0,0,1,1
108500,corner.diag,10851,10852,9.999999999990479,9.999999999990479,-1,-1
108510,corner.diag,10852,10853,0,0,1,1
108520,corner.diag,10853,10854,9.999999999990479,9.999999999990479,-1,-1
108530,corner.diag,10854,10855,0,0,1,1
108540,corner.diag,10855,10856,9.999999999990479,9.999999999990479,-1,-1
108550,corner.diag,10856,10857,0,0,1,1
108560,corner.diag,10857,10858,9.999999999990479,9.999999999990479,-1,-1
108570,corner.diag,10858,10859,0,0,1,1
108580,corner.diag,10859,10860,9.999999999990479,9.999999999990479,-1,-1
108590,corner.diag,10860,10861,0,0,1,1
108600,corner.diag,10861,10862,9.999999999990479,9.999999999990479,-1,-1
108610,corner.diag,10862,10863,0,0,1,1
108620,corner.diag,10863,10864,9.999999999990479,9.999999999990479,-1,-1
108630,corner.diag,10864,10865,0,0,1,1
108640,corner.diag,10865,10866,9.999999999990479,9.999999999990479,-1,-1
108650,corner.diag,10866,10867,0,0,1,1
108660,corner.diag,10867,10868,9.999999999990479,9.999999999990479,-1,-1
108670,corner.diag,10868,10869,0,0,1,1
108680,corner.diag,10869,10870,9.999999999990479,9.999999999990479,-1,-1
108690,corner.diag,10870,10871,0,0,1,1
108700,corner.diag,10871,10872,9.999999999990479,9.999999999990479,-1,-1
108710,corner.diag,10872,10873,0,0,1,1
108720,corner.diag,10873,10874,9.999999999990479,9.999999999990479,-1,-1
108730,corner.diag,10874,10875,0,0,1,1
108740,corner.diag,10875,10876,9.999999999990479,9.999999999990479,-1,-1
108750,corner.diag,10876,10877,0,0,1,1
108760,corner.diag,10877,10878,9.999999999990479,9.999999999990479,-1,-1
108770,corner.diag,10878,10879,0,0,1,1
108780,corner.diag,10879,10880,9.999999999990479,9.999999999990479,-1,-1
108790,corner.diag,10880,10881,0,0,1,1
108800,corner.diag,10881,10882,9.999999999990479,9.999999999990479,-1,-1
108810,corner.diag,10882,10883,0,0,1,1
108820,corner.diag,10883,10884,9.999999999990479,9.999999999990479,-1,-1
108830,corner.diag,10884,10885,0,0,1,1
108840,corner.diag,10885,10886,9.999999999990479,9.999999999990479,-1,-1
108850,corner.diag,10886,10887,0,0,1,1
108860,corner.diag,10887,10888,9.999999999990479,9.999999999990479,-1,-1
108870,corner.diag,10888,10889,0,0,1,1
108880,corner.diag,10889,10890,9.999999999990479,9.999999999990479,-1,-1
108890,corner.diag,10890,10891,0,0,1,1
108900,corner.diag,10891,10892,9.999999999990479,9.999999999990479,-1,-1
108910,corner.diag,10892,10893,0,0,1,1
108920,corner.diag,10893,10894,9.999999999990479,9.999999999990479,-1,-1
108930,corner.diag,10894,10895,0,0,1,1
108940,corner.diag,10895,10896,9.999999999990479,9.999999999990479,-1,-1
108950,corner.diag,10896,10897,0,0,1,1
108960,corner.diag,10897,10898,9.999999999990479,9.999999999990479,-1,-1
108970,corner.diag,10898,10899,0,0,1,1
108980,corner.diag,10899,10900,9.999999999990479,9.999999999990479,-1,-1
108990,corner.diag,10900,10901,0,0,1,1
109000,corner.diag,10901,10902,9.999999999990479,9.999999999990479,-1,-1
109010,corner.diag,10902,10903,0,0,1,1
109020,corner.diag,10903,10904,9.999999999990479,9.999999999990479,-1,-1
109030,corner.diag,10904,10905,0,0,1,1
109040,corner.diag,10905,10906,9.999999999990479,9.999999999990479,-1,-1
109050,corner.diag,10906,10907,0,0,1,1
109060,corner.diag,10907,10908,9.999999999990479,9.999999999990479,-1,-1
109070,corner.diag,10908,10909,0,0,1,1
109080,corner.diag,10909,10910,9.999999999990479,9.999999999990479,-1,-1
109090,corner.diag,10910,10911,0,0,1,1
109100,corner.diag,10911,10912,9.999999999990479,9.999999999990479,-1,-1
109110,corner.diag,10912,10913,0,0,1,1
109120,corner.diag,10913,10914,9.999999999990479,9.999999999990479,-1,-1
109130,corner.diag,10914,10915,0,0,1,1
109140,corner.diag,10915,10916,9.999999999990479,9.999999999990479,-1,-1
109150,corner.diag,10916,10917,0,0,1,1
109160,corner.diag,10917,10918,9.999999999990479,9.999999999990479,-1,-1
109170,corner.diag,10918,10919,0,0,1,1
109180,corner.diag,10919,10920,9.999999999990479,9.999999999990479,-1,-1
109190,corner.diag,10920,10921,0,0,1,1
109200,corner.diag,10921,10922,9.999999999990479,9.999999999990479,-1,-1
109210,corner.diag,10922,10923,0,0,1,1
109220,corner.diag,10923,10924,9.999999999990479,9.999999999990479,-1,-1
109230,corner.diag,10924,10925,0,0,1,1
109240,corner.diag,10925,10926,9.999999999990479,9.999999999990479,-1,-1
109250,corner.diag,10926,10927,0,0,1,1
109260,corner.diag,10927,10928,9.999999999990479,9.999999999990479,-1,-1
109270,corner.diag,10928,10929,0,0,1,1
109280,corner.diag,10929,10930,9.999999999990479,9.999999999990479,-1,-1
109290,corner.diag,10930,10931,0,0,1,1
109300,corner.diag,10931,10932,9.999999999990479,9.999999999990479,-1,-1
109310,corner.diag,10932,10933,0,0,1,1
109320,corner.diag,10933,10934,9.999999999990479,9.999999999990479,-1,-1
109330,corner.diag,10934,10935,0,0,1,1
109340,corner.diag,10935,10936,9.999999999990479,9.999999999990479,-1,-1
109350,corner.diag,10936,10937,0,0,1,1
109360,corner.diag,10937,10938,9.999999999990479,9.999999999990479,-1,-1
109370,corner.diag,10938,10939,0,0,1,1
109380,corner.diag,10939,10940,9.999999999990479,9.999999999990479,-1,-1
109390,corner.diag,10940,10941,0,0,1,1
109400,corner.diag,10941,10942,9.999999999990479,9.999999999990479,-1,-1
109410,corner.diag,10942,10943,0,0,1,1
109420,corner.diag,10943,10944,9.999999999990479,9.999999999990479,-1,-1
109430,corner.diag,10944,10945,0,0,1,1
109440,corner.diag,10945,10946,9.999999999990479,9.999999999990479,-1,-1
109450,corner.diag,10946,10947,0,0,1,1
109460,corner.diag,10947,10948,9.999999999990479,9.999999999990479,-1,-1
109470,corner.diag,10948,10949,0,0,1,1
109480,corner.diag,10949,10950,9.999999999990479,9.999999999990479,-1,-1
109490,corner.diag,10950,10951,0,0,1,1
109500,corner.diag,10951,10952,9.999999999990479,9.999999999990479,-1,-1
109510,corner.diag,10952,10953,0,0,1,1
109520,corner.diag,10953,10954,9.999999999990479,9.999999999990479,-1,-1
109530,corner.diag,10954,10955,0,0,1,1
109540,corner.diag,10955,10956,9.999999999990479,9.999999999990479,-1,-1
109550,corner.diag,10956,10957,0,0,1,1
109560,corner.diag,10957,10958,9.999999999990479,9.999999999990479,-1,-1
109570,corner.diag,10958,10959,0,0,1,1
109580,corner.diag,10959,10960,9.999999999990479,9.999999999990479,-1,-1
109590,corner.diag,10960,10961,0,0,1,1
109600,corner.diag,10961,10962,9.999999999990479,9.999999999990479,-1,-1
109610,corner.diag,10962,10963,0,0,1,1
109620,corner.diag,10963,10964,9.999999999990479,9.999999999990479,-1,-1
109630,corner.diag,10964,10965,0,0,1,1
109640,corner.diag,10965,10966,9.999999999990479,9.999999999990479,-1,-1
109650,corner.diag,10966,10967,0,0,1,1
109660,corner.diag,10967,10968,9.999999999990479,9.999999999990479,-1,-1
109670,corner.diag,10968,10969,0,0,1,1
109680,corner.diag,10969,10970,9.999999999990479,9.999999999990479,-1,-1
109690,corner.diag,10970,10971,0,0,1,1
109700,corner.diag,10971,10972,9.999999999990479,9.999999999990479,-1,-1
109710,corner.diag,10972,10973,0,0,1,1
109720,corner.diag,10973,10974,9.999999999990479,9.999999999990479,-1,-1
109730,corner.diag,10974,10975,0,0,1,1
109740,corner.diag,10975,10976,9.999999999990479,9.999999999990479,-1,-1
109750,corner.diag,10976,10977,0,0,1,1
109760,corner.diag,10977,10978,9.999999999990479,9.999999999990479,-1,-1
109770,corner.diag,10978,10979,0,0,1,1
109780,corner.diag,10979,10980,9.999999999990479,9.999999999990479,-1,-1
109790,corner.diag,10980,10981,0,0,1,1
109800,corner.diag,10981,10982,9.999999999990479,9.999999999990479,-1,-1
109810,corner.diag,10982,10983,0,0,1,1
109820,corner.diag,10983,10984,9.999999999990479,9.999999999990479,-1,-1
109830,corner.diag,10984,10985,0,0,1,1
109840,corner.diag,10985,10986,9.999999999990479,9.999999999990479,-1,-1
109850,corner.diag,10986,10987,0,0,1,1
109860,corner.diag,10987,10988,9.999999999990479,9.999999999990479,-1,-1
109870,corner.diag,10988,10989,0,0,1,1
109880,corner.diag,10989,10990,9.999999999990479,9.999999999990479,-1,-1
109890,corner.diag,10990,10991,0,0,1,1
109900,corner.diag,10991,10992,9.999999999990479,9.999999999990479,-1,-1
109910,corner.diag,10992,10993,0,0,1,1
109920,corner.diag,10993,10994,9.999999999990479,9.999999999990479,-1,-1
109930,corner.diag,10994,10995,0,0,1,1
109940,corner.diag,10995,10996,9.999999999990479,9.999999999990479,-1,-1
109950,corner.diag,10996,10997,0,0,1,1
109960,corner.diag,10997,10998,9.999999999990479,9.999999999990479,-1,-1
109970,corner.diag,10998,10999,0,0,1,1
109980,corner.diag,10999,11000,9.999999999990479,9.999999999990479,-1,-1
109990,corner.diag,11000,11001,0,0,1,1
110000,corner.diag,11001,11002,9.999999999990479,9.999999999990479,-1,-1
110010,corner.diag,11002,11003,0,0,1,1
110020,corner.diag,11003,11004,9.999999999990479,9.999999999990479,-1,-1
110030,corner.diag,11004,11005,0,0,1,1
110040,corner.diag,11005,11006,9.999999999990479,9.999999999990479,-1,-1
110050,corner.diag,11006,11007,0,0,1,1
110060,corner.diag,11007,11008,9.999999999990479,9.999999999990479,-1,-1
110070,corner.diag,11008,11009,0,0,1,1
110080,corner.diag,11009,11010,9.999999999990479,9.999999999990479,-1,-1
110090,corner.diag,11010,11011,0,0,1,1
110100,corner.diag,11011,11012,9.999999999990479,9.999999999990479,-1,-1
110110,corner.diag,11012,11013,0,0,1,1
110120,corner.diag,11013,11014,9.999999999990479,9.999999999990479,-1,-1
110130,corner.diag,11014,11015,0,0,1,1
110140,corner.diag,11015,11016,9.999999999990479,9.999999999990479,-1,-1
110150,corner.diag,11016,11017,0,0,1,1
110160,corner.diag,11017,11018,9.999999999990479,9.999999999990479,-1,-1
110170,corner.diag,11018,11019,0,0,1,1
110180,corner.diag,11019,11020,9.999999999990479,9.999999999990479,-1,-1
110190,corner.diag,11020,11021,0,0,1,1
110200,corner.diag,11021,11022,9.999999999990479,9.999999999990479,-1,-1
110210,corner.diag,11022,11023,0,0,1,1
110220,corner.diag,11023,11024,9.999999999990479,9.999999999990479,-1,-1
110230,corner.diag,11024,11025,0,0,1,1
110240,corner.diag,11025,11026,9.999999999990479,9.999999999990479,-1,-1
110250,corner.diag,11026,11027,0,0,1,1
110260,corner.diag,11027,11028,9.999999999990479,9.999999999990479,-1,-1
110270,corner.diag,11028,11029,0,0,1,1
110280,corner.diag,11029,11030,9.999999999990479,9.999999999990479,-1,-1
110290,corner.diag,11030,11031,0,0,1,1
110300,corner.diag,11031,11032,9.999999999990479,9.999999999990479,-1,-1
110310,corner.diag,11032,11033,0,0,1,1
110320,corner.diag,11033,11034,9.999999999990479,9.999999999990479,-1,-1
110330,corner.diag,11034,11035,0,0,1,1
110340,corner.diag,11035,11036,9.999999999990479,9.999999999990479,-1,-1
110350,corner.diag,11036,11037,0,0,1,1
110360,corner.diag,11037,11038,9.999999999990479,9.999999999990479,-1,-1
110370,corner.diag,11038,11039,0,0,1,1
110380,corner.diag,11039,11040,9.999999999990479,9.999999999990479,-1,-1
110390,corner.diag,11040,11041,0,0,1,1
110400,corner.diag,11041,11042,9.999999999990479,9.999999999990479,-1,-1
110410,corner.diag,11042,11043,0,0,1,1
110420,corner.diag,11043,11044,9.999999999990479,9.999999999990479,-1,-1
110430,corner.diag,11044,11045,0,0,1,1
110440,corner.diag,11045,11046,9.999999999990479,9.999999999990479,-1,-1
110450,corner.diag,11046,11047,0,0,1,1
110460,corner.diag,11047,11048,9.999999999990479,9.999999999990479,-1,-1
110470,corner.diag,11048,11049,0,0,1,1
110480,corner.diag,11049,11050,9.999999999990479,9.999999999990479,-1,-1
110490,corner.diag,11050,11051,0,0,1,1
110500,corner.diag,11051,11052,9.999999999990479,9.999999999990479,-1,-1
110510,corner.diag,11052,11053,0,0,1,1
110520,corner.diag,11053,11054,9.999999999990479,9.999999999990479,-1,-1
110530,corner.diag,11054,11055,0,0,1,1
110540,corner.diag,11055,11056,9.999999999990479,9.999999999990479,-1,-1
110550,corner.diag,11056,11057,0,0,1,1
110560,corner.diag,11057,11058,9.999999999990479,9.999999999990479,-1,-1
110570,corner.diag,11058,11059,0,0,1,1
110580,corner.diag,11059,11060,9.999999999990479,9.999999999990479,-1,-1
110590,corner.diag,11060,11061,0,0,1,1
110600,corner.diag,11061,11062,9.999999999990479,9.999999999990479,-1,-1
110610,corner.diag,11062,11063,0,0,1,1
110620,corner.diag,11063,11064,9.999999999990479,9.999999999990479,-1,-1
110630,corner.diag,11064,11065,0,0,1,1
110640,corner.diag,11065,11066,9.999999999990479,9.999999999990479,-1,-1
110650,corner.diag,11066,11067,0,0,1,1
110660,corner.diag,11067,11068,9.999999999990479,9.999999999990479,-1,-1
110670,corner.diag,11068,11069,0,0,1,1
110680,corner.diag,11069,11070,9.999999999990479,9.999999999990479,-1,-1
110690,corner.diag,11070,11071,0,0,1,1
110700,corner.diag,11071,11072,9.999999999990479,9.999999999990479,-1,-1
110710,corner.diag,11072,11073,0,0,1,1
110720,corner.diag,11073,11074,9.999999999990479,9.999999999990479,-1,-1
110730,corner.diag,11074,11075,0,0,1,1
110740,corner.diag,11075,11076,9.999999999990479,9.999999999990479,-1,-1
110750,corner.diag,11076,11077,0,0,1,1
110760,corner.diag,11077,11078,9.999999999990479,9.999999999990479,-1,-1
110770,corner.diag,11078,11079,0,0,1,1
110780,corner.diag,11079,11080,9.999999999990479,9.999999999990479,-1,-1
110790,corner.diag,11080,11081,0,0,1,1
110800,corner.diag,11081,11082,9.999999999990479,9.999999999990479,-1,-1
110810,corner.diag,11082,11083,0,0,1,1
110820,corner.diag,11083,11084,9.999999999990479,9.999999999990479,-1,-1
110830,corner.diag,11084,11085,0,0,1,1
110840,corner.diag,11085,11086,9.999999999990479,9.999999999990479,-1,-1
110850,corner.diag,11086,11087,0,0,1,1
110860,corner.diag,11087,11088,9.999999999990479,9.999999999990479,-1,-1
110870,corner.diag,11088,11089,0,0,1,1
110880,corner.diag,11089,11090,9.999999999990479,9.999999999990479,-1,-1
110890,corner.diag,11090,11091,0,0,1,1
110900,corner.diag,11091,11092,9.999999999990479,9.999999999990479,-1,-1
110910,corner.diag,11092,11093,0,0,1,1
110920,corner.diag,11093,11094,9.999999999990479,9.999999999990479,-1,-1
110930,corner.diag,11094,11095,0,0,1,1
110940,corner.diag,11095,11096,9.999999999990479,9.999999999990479,-1,-1
110950,corner.diag,11096,11097,0,0,1,1
110960,corner.diag,11097,11098,9.999999999990479,9.999999999990479,-1,-1
110970,corner.diag,11098,11099,0,0,1,1
110980,corner.diag,11099,11100,9.999999999990479,9.999999999990479,-1,-1
110990,corner.diag,11100,11101,0,0,1,1
111000,corner.diag,11101,11102,9.999999999990479,9.999999999990479,-1,-1
111010,corner.diag,11102,11103,0,0,1,1
111020,corner.diag,11103,11104,9.999999999990479,9.999999999990479,-1,-1
111030,corner.diag,11104,11105,0,0,1,1
111040,corner.diag,11105,11106,9.999999999990479,9.999999999990479,-1,-1
111050,corner.diag,11106,11107,0,0,1,1
111060,corner.diag,11107,11108,9.999999999990479,9.999999999990479,-1,-1
111070,corner.diag,11108,11109,0,0,1,1
111080,corner.diag,11109,11110,9.999999999990479,9.999999999990479,-1,-1
111090,corner.diag,11110,11111,0,0,1,1
111100,corner.diag,11111,11112,9.999999999990479,9.999999999990479,-1,-1
111110,corner.diag,11112,11113,0,0,1,1
111120,corner.diag,11113,11114,9.999999999990479,9.999999999990479,-1,-1
111130,corner.diag,11114,11115,0,0,1,1
111140,corner.diag,11115,11116,9.999999999990479,9.999999999990479,-1,-1
111150,corner.diag,11116,11117,0,0,1,1
111160,corner.diag,11117,11118,9.999999999990479,9.999999999990479,-1,-1
111170,corner.diag,11118,11119,0,0,1,1
111180,corner.diag,11119,11120,9.999999999990479,9.999999999990479,-1,-1
111190,corner.diag,11120,11121,0,0,1,1
111200,corner.diag,11121,11122,9.999999999990479,9.999999999990479,-1,-1
111210,corner.diag,11122,11123,0,0,1,1
111220,corner.diag,11123,11124,9.999999999990479,9.999999999990479,-1,-1
111230,corner.diag,11124,11125,0,0,1,1
111240,corner.diag,11125,11126,9.999999999990479,9.999999999990479,-1,-1
111250,corner.diag,11126,11127,0,0,1,1
111260,corner.diag,11127,11128,9.999999999990479,9.999999999990479,-1,-1
111270,corner.diag,11128,11129,0,0,1,1
111280,corner.diag,11129,11130,9.999999999990479,9.999999999990479,-1,-1
111290,corner.diag,11130,11131,0,0,1,1
111300,corner.diag,11131,11132,9.999999999990479,9.999999999990479,-1,-1
111310,corner.diag,11132,11133,0,0,1,1
111320,corner.diag,11133,11134,9.999999999990479,9.999999999990479,-1,-1
111330,corner.diag,11134,11135,0,0,1,1
111340,corner.diag,11135,11136,9.999999999990479,9.999999999990479,-1,-1
111350,corner.diag,11136,11137,0,0,1,1
111360,corner.diag,11137,11138,9.999999999990479,9.999999999990479,-1,-1
111370,corner.diag,11138,11139,0,0,1,1
111380,corner.diag,11139,11140,9.999999999990479,9.999999999990479,-1,-1
111390,corner.diag,11140,11141,0,0,1,1
111400,corner.diag,11141,11142,9.999999999990479,9.999999999990479,-1,-1
111410,corner.diag,11142,11143,0,0,1,1
111420,corner.diag,11143,11144,9.999999999990479,9.999999999990479,-1,-1
111430,corner.diag,11144,11145,0,0,1,1
111440,corner.diag,11145,11146,9.999999999990479,9.999999999990479,-1,-1
111450,corner.diag,11146,11147,0,0,1,1
111460,corner.diag,11147,11148,9.999999999990479,9.999999999990479,-1,-1
111470,corner.diag,11148,11149,0,0,1,1
111480,corner.diag,11149,11150,9.999999999990479,9.999999999990479,-1,-1
111490,corner.diag,11150,11151,0,0,1,1
111500,corner.diag,11151,11152,9.999999999990479,9.999999999990479,-1,-1
111510,corner.diag,11152,11153,0,0,1,1
111520,corner.diag,11153,11154,9.999999999990479,9.999999999990479,-1,-1
111530,corner.diag,11154,11155,0,0,1,1
111540,corner.diag,11155,11156,9.999999999990479,9.999999999990479,-1,-1
111550,corner.diag,11156,11157,0,0,1,1
111560,corner.diag,11157,11158,9.999999999990479,9.999999999990479,-1,-1
111570,corner.diag,11158,11159,0,0,1,1
111580,corner.diag,11159,11160,9.999999999990479,9.999999999990479,-1,-1
111590,corner.diag,11160,11161,0,0,1,1
111600,corner.diag,11161,11162,9.999999999990479,9.999999999990479,-1,-1
111610,corner.diag,11162,11163,0,0,1,1
111620,corner.diag,11163,11164,9.999999999990479,9.999999999990479,-1,-1
111630,corner.diag,11164,11165,0,0,1,1
111638,inversion.swap,11165,11165,8,8,1,1
120001,INVERT_OBSERVER,11165,-11165,8.999999992021174,8.999999992021174,-1,-1
160002,INVERT_CAUSAL,-11165,-11165,7.999999953936083,7.999999953936083,-1,-1